{
    "DJI_0999.JPG": {
        "id": 129,
        "w2c": [
            [
                -0.04097427531111876,
                0.9989068646211648,
                -0.022498546073972718,
                -0.38501145150761446
            ],
            [
                0.8713955529301293,
                0.02470845822573351,
                -0.4899584496931364,
                -4.835764942172107
            ],
            [
                -0.4888669543918088,
                -0.039680825404988865,
                -0.8714554107921165,
                -2.3897185673142594
            ],
            [
                0.0,
                0.0,
                0.0,
                1.0
            ]
        ],
        "qvec": [
            0.6912611388644129,
            0.014120599288875432,
            0.3657398265450172,
            0.6230513829937451
        ],
        "tvec": [
            -0.38501145150761446,
            -4.835764942172107,
            -2.3897185673142594
        ],
        "camera_id": 1,
        "nerf_name": "frame_00129.JPG",
        "intrinsic_mtx": [
            [
                4294.266588216446,
                0.0,
                2747.743880368307
            ],
            [
                0.0,
                4307.087264414481,
                1837.9138500474073
            ],
            [
                0.0,
                0.0,
                1.0
            ]
        ],
        "cam_cent": [
            3.0298340625557123,
            0.40924887269518306,
            -4.460519267784208
        ],
        "euler_angle": [
            177.39289644817438,
            -29.26613694764872,
            -170.03825196717227
        ]
    },
    "DJI_0998.JPG": {
        "id": 128,
        "w2c": [
            [
                0.10885998485377338,
                0.993740529575019,
                -0.025085126621115384,
                -0.028029379186679013
            ],
            [
                0.8654019373790307,
                -0.10715721451984046,
                -0.4894862798454815,
                -4.729538778902939
            ],
            [
                -0.48911040724795046,
                0.031576751832797366,
                -0.8716501122958882,
                -2.398690491617178
            ],
            [
                0.0,
                0.0,
                0.0,
                1.0
            ]
        ],
        "qvec": [
            0.7434665531485766,
            0.014976986374755379,
            0.34012600786457964,
            0.5756278945661066
        ],
        "tvec": [
            -0.028029379186679013,
            -4.729538778902939,
            -2.398690491617178
        ],
        "camera_id": 1,
        "nerf_name": "frame_00128.JPG",
        "intrinsic_mtx": [
            [
                4294.266588216446,
                0.0,
                2747.743880368307
            ],
            [
                0.0,
                4307.087264414481,
                1837.9138500474073
            ],
            [
                0.0,
                0.0,
                1.0
            ]
        ],
        "cam_cent": [
            2.9227788167489184,
            -0.4032074170166901,
            -4.406566299177339
        ],
        "euler_angle": [
            -177.92528703276096,
            -29.282127981805193,
            172.07020647198084
        ]
    },
    "DJI_0929.JPG": {
        "id": 59,
        "w2c": [
            [
                -0.8425656906840037,
                -0.5382794790348603,
                -0.018391827863057014,
                -0.27504070229248345
            ],
            [
                -0.46072954968409957,
                0.7380220655958118,
                -0.4930027512515282,
                -4.307311146409721
            ],
            [
                0.2789468388960012,
                -0.406913545048144,
                -0.8698333334186961,
                -2.0296674770564582
            ],
            [
                0.0,
                0.0,
                0.0,
                1.0
            ]
        ],
        "qvec": [
            -0.28190438433767556,
            0.00736916965931594,
            0.47635955241424804,
            0.8328008106704896
        ],
        "tvec": [
            -0.27504070229248345,
            -4.307311146409721,
            -2.0296674770564582
        ],
        "camera_id": 1,
        "nerf_name": "frame_00059.JPG",
        "intrinsic_mtx": [
            [
                4294.266588216446,
                0.0,
                2747.743880368307
            ],
            [
                0.0,
                4307.087264414481,
                1837.9138500474073
            ],
            [
                0.0,
                0.0,
                1.0
            ]
        ],
        "cam_cent": [
            -1.6500760573930175,
            2.204942715135827,
            -3.894047174227794
        ],
        "euler_angle": [
            154.92950910332218,
            16.19735882518744,
            65.23844038747382
        ]
    },
    "DJI_0928.JPG": {
        "id": 58,
        "w2c": [
            [
                -0.8433666688261846,
                -0.5369987814397086,
                -0.019104204911337366,
                -0.2517257872541479
            ],
            [
                -0.45929773038609556,
                0.7388767044690733,
                -0.4930586278071856,
                -4.017638780881908
            ],
            [
                0.27888753427718405,
                -0.40705469451314746,
                -0.8697863064567077,
                -1.4941394566244046
            ],
            [
                0.0,
                0.0,
                0.0,
                1.0
            ]
        ],
        "qvec": [
            -0.2811806651132903,
            0.007727900783705218,
            0.47641256496901824,
            0.8330118732980738
        ],
        "tvec": [
            -0.2517257872541479,
            -4.017638780881908,
            -1.4941394566244046
        ],
        "camera_id": 1,
        "nerf_name": "frame_00058.JPG",
        "intrinsic_mtx": [
            [
                4294.266588216446,
                0.0,
                2747.743880368307
            ],
            [
                0.0,
                4307.087264414481,
                1837.9138500474073
            ],
            [
                0.0,
                0.0,
                1.0
            ]
        ],
        "cam_cent": [
            -1.6408926433001658,
            2.225166781076449,
            -3.2853225246563085
        ],
        "euler_angle": [
            154.9206922124654,
            16.19382050306933,
            65.2080330800006
        ]
    },
    "DJI_0927.JPG": {
        "id": 57,
        "w2c": [
            [
                -0.844672058692691,
                -0.534939013667987,
                -0.019218868847400976,
                -0.23418369884760726
            ],
            [
                -0.4576637432664783,
                0.7403436581915481,
                -0.49237705660892916,
                -3.6951595228374163
            ],
            [
                0.2776202646839153,
                -0.407101362600863,
                -0.8701697933193008,
                -0.9570414001671432
            ],
            [
                0.0,
                0.0,
                0.0,
                1.0
            ]
        ],
        "qvec": [
            -0.2800134592714316,
            0.007684436500137332,
            0.47625236478674776,
            0.8334969088710242
        ],
        "tvec": [
            -0.23418369884760726,
            -3.6951595228374163,
            -0.9570414001671432
        ],
        "camera_id": 1,
        "nerf_name": "frame_00057.JPG",
        "intrinsic_mtx": [
            [
                4294.266588216446,
                0.0,
                2747.743880368307
            ],
            [
                0.0,
                4307.087264414481,
                1837.9138500474073
            ],
            [
                0.0,
                0.0,
                1.0
            ]
        ],
        "cam_cent": [
            -1.6232548793785544,
            2.2208010637866424,
            -2.656701032730949
        ],
        "euler_angle": [
            154.92786580318293,
            16.118225880988323,
            64.97697859550682
        ]
    },
    "DJI_0926.JPG": {
        "id": 56,
        "w2c": [
            [
                -0.845846729861945,
                -0.533084094577583,
                -0.019096012417586437,
                -0.21100883813316534
            ],
            [
                -0.45611050993281405,
                0.7413477502657313,
                -0.49230754199460314,
                -3.3873659727264847
            ],
            [
                0.2765981061227324,
                -0.4077068325210384,
                -0.8702118284676327,
                -0.4316222417924665
            ],
            [
                0.0,
                0.0,
                0.0,
                1.0
            ]
        ],
        "qvec": [
            -0.27895935970650954,
            0.007624434742152388,
            0.476394997894635,
            0.8337693623586606
        ],
        "tvec": [
            -0.21100883813316534,
            -3.3873659727264847,
            -0.4316222417924665
        ],
        "camera_id": 1,
        "nerf_name": "frame_00056.JPG",
        "intrinsic_mtx": [
            [
                4294.266588216446,
                0.0,
                2747.743880368307
            ],
            [
                0.0,
                4307.087264414481,
                1837.9138500474073
            ],
            [
                0.0,
                0.0,
                1.0
            ]
        ],
        "cam_cent": [
            -1.604108462216001,
            2.222755350736546,
            -2.0472580234998636
        ],
        "euler_angle": [
            154.89623002627792,
            16.057273516023994,
            64.7103491899815
        ]
    },
    "DJI_0925.JPG": {
        "id": 55,
        "w2c": [
            [
                -0.846975854237065,
                -0.5312894954242056,
                -0.019062381574412018,
                -0.18545576855356602
            ],
            [
                -0.454253685529033,
                0.7418636290512356,
                -0.4932463330570464,
                -3.1111114604823116
            ],
            [
                0.2761982829828703,
                -0.4091085772051543,
                -0.869680792322384,
                0.07591654323131777
            ],
            [
                0.0,
                0.0,
                0.0,
                1.0
            ]
        ],
        "qvec": [
            -0.27793682496924665,
            0.007768180729964926,
            0.4770041160875503,
            0.8337612667482798
        ],
        "tvec": [
            -0.18545576855356602,
            -3.1111114604823116,
            0.07591654323131777
        ],
        "camera_id": 1,
        "nerf_name": "frame_00055.JPG",
        "intrinsic_mtx": [
            [
                4294.266588216446,
                0.0,
                2747.743880368307
            ],
            [
                0.0,
                4307.087264414481,
                1837.9138500474073
            ],
            [
                0.0,
                0.0,
                1.0
            ]
        ],
        "cam_cent": [
            -1.591278423900033,
            2.2405478457456587,
            -1.4720563887722058
        ],
        "euler_angle": [
            154.80712775402023,
            16.03343673261999,
            64.44309371980837
        ]
    },
    "DJI_0924.JPG": {
        "id": 54,
        "w2c": [
            [
                -0.8487540408369516,
                -0.5284631162603899,
                -0.018528705170800065,
                -0.16199745198070029
            ],
            [
                -0.45176315590387567,
                0.7428878507239904,
                -0.4939915912386193,
                -2.7836959555558205
            ],
            [
                0.2748210856734234,
                -0.4109067728804807,
                -0.8692692303712535,
                0.6807420561614117
            ],
            [
                0.0,
                0.0,
                0.0,
                1.0
            ]
        ],
        "qvec": [
            -0.2763282420105956,
            0.0076441704569602375,
            0.47766785376868237,
            0.8339170766937082
        ],
        "tvec": [
            -0.16199745198070029,
            -2.7836959555558205,
            0.6807420561614117
        ],
        "camera_id": 1,
        "nerf_name": "frame_00054.JPG",
        "intrinsic_mtx": [
            [
                4294.266588216446,
                0.0,
                2747.743880368307
            ],
            [
                0.0,
                4307.087264414481,
                1837.9138500474073
            ],
            [
                0.0,
                0.0,
                1.0
            ]
        ],
        "cam_cent": [
            -1.5821495328704955,
            2.262085748653266,
            -0.7863758743949244
        ],
        "euler_angle": [
            154.69972577154923,
            15.951352324346697,
            63.94816343385924
        ]
    },
    "DJI_0923.JPG": {
        "id": 53,
        "w2c": [
            [
                -0.8508559949639946,
                -0.5251068037774951,
                -0.017519145538846388,
                -0.13295301212191135
            ],
            [
                -0.44929208228189266,
                0.7444857094480392,
                -0.4938397039793876,
                -2.4619388184330186
            ],
            [
                0.2723613420304518,
                -0.4123152593031585,
                -0.8693764583384694,
                1.2469741566244905
            ],
            [
                0.0,
                0.0,
                0.0,
                1.0
            ]
        ],
        "qvec": [
            -0.27442349973091373,
            0.007149924075814712,
            0.4779997918693097,
            0.8343601262968185
        ],
        "tvec": [
            -0.13295301212191135,
            -2.4619388184330186,
            1.2469741566244905
        ],
        "camera_id": 1,
        "nerf_name": "frame_00053.JPG",
        "intrinsic_mtx": [
            [
                4294.266588216446,
                0.0,
                2747.743880368307
            ],
            [
                0.0,
                4307.087264414481,
                1837.9138500474073
            ],
            [
                0.0,
                0.0,
                1.0
            ]
        ],
        "cam_cent": [
            -1.5588810403723845,
            2.2772102093438154,
            -0.1340423845537173
        ],
        "euler_angle": [
            154.62662830228598,
            15.804828901665552,
            63.315288393384655
        ]
    },
    "DJI_0922.JPG": {
        "id": 52,
        "w2c": [
            [
                -0.8535332359453303,
                -0.5207634517551315,
                -0.01692461086033231,
                -0.10819743828068294
            ],
            [
                -0.4457923663167955,
                0.7466994023549732,
                -0.4936690882123348,
                -2.1573316531681286
            ],
            [
                0.26972241521676443,
                -0.4138181120236362,
                -0.8694851286197074,
                1.7630193850330165
            ],
            [
                0.0,
                0.0,
                0.0,
                1.0
            ]
        ],
        "qvec": [
            -0.2719688613437854,
            0.006857581388853377,
            0.47835243785757253,
            0.8349639855901433
        ],
        "tvec": [
            -0.10819743828068294,
            -2.1573316531681286,
            1.7630193850330165
        ],
        "camera_id": 1,
        "nerf_name": "frame_00052.JPG",
        "intrinsic_mtx": [
            [
                4294.266588216446,
                0.0,
                2747.743880368307
            ],
            [
                0.0,
                4307.087264414481,
                1837.9138500474073
            ],
            [
                0.0,
                0.0,
                1.0
            ]
        ],
        "cam_cent": [
            -1.5295979388177319,
            2.284102338047432,
            0.46607998702436504
        ],
        "euler_angle": [
            154.54860387667077,
            15.64774961250141,
            62.63705878167302
        ]
    },
    "DJI_0921.JPG": {
        "id": 51,
        "w2c": [
            [
                -0.8571108912227694,
                -0.5148880250389449,
                -0.01585060941430186,
                -0.07275496074227368
            ],
            [
                -0.4411705804320347,
                0.7495872623381772,
                -0.49344448026259125,
                -1.8301115103241958
            ],
            [
                0.2659500688260323,
                -0.4159438156913166,
                -0.8696328553358467,
                2.3364143828993953
            ],
            [
                0.0,
                0.0,
                0.0,
                1.0
            ]
        ],
        "qvec": [
            -0.2686559587787959,
            0.006332835578200031,
            0.47885468549692634,
            0.8357523922692803
        ],
        "tvec": [
            -0.07275496074227368,
            -1.8301115103241958,
            2.3364143828993953
        ],
        "camera_id": 1,
        "nerf_name": "frame_00051.JPG",
        "intrinsic_mtx": [
            [
                4294.266588216446,
                0.0,
                2747.743880368307
            ],
            [
                0.0,
                4307.087264414481,
                1837.9138500474073
            ],
            [
                0.0,
                0.0,
                1.0
            ]
        ],
        "cam_cent": [
            -1.4911199924459875,
            2.306184732208372,
            1.1276110775483523
        ],
        "euler_angle": [
            154.43829487049567,
            15.423413678778566,
            61.669966318280636
        ]
    },
    "DJI_0920.JPG": {
        "id": 50,
        "w2c": [
            [
                -0.861816793764758,
                -0.5070034783150459,
                -0.014808340942785337,
                -0.04135035395398787
            ],
            [
                -0.4348246808598383,
                0.7535270926375578,
                -0.49307648248150104,
                -1.5567208239181636
            ],
            [
                0.26114997779087146,
                -0.4185025610885018,
                -0.8698599286449474,
                2.7973556173178764
            ],
            [
                0.0,
                0.0,
                0.0,
                1.0
            ]
        ],
        "qvec": [
            -0.2642296637094193,
            0.005811073665497455,
            0.4794344036536477,
            0.836834254098225
        ],
        "tvec": [
            -0.04135035395398787,
            -1.5567208239181636,
            2.7973556173178764
        ],
        "camera_id": 1,
        "nerf_name": "frame_00050.JPG",
        "intrinsic_mtx": [
            [
                4294.266588216446,
                0.0,
                2747.743880368307
            ],
            [
                0.0,
                4307.087264414481,
                1837.9138500474073
            ],
            [
                0.0,
                0.0,
                1.0
            ]
        ],
        "cam_cent": [
            -1.4430664222494756,
            2.322767033334003,
            1.6651127994719412
        ],
        "euler_angle": [
            154.307100060759,
            15.138308695463955,
            60.45777970908536
        ]
    },
    "DJI_0919.JPG": {
        "id": 49,
        "w2c": [
            [
                -0.8743088560022838,
                -0.4851764125720221,
                -0.013706677194783188,
                -0.051310788427704306
            ],
            [
                -0.41644516616653504,
                0.7643592195641913,
                -0.4922686330081868,
                -1.263439008506934
            ],
            [
                0.24931395446806795,
                -0.4246867459092233,
                -0.8703354065856048,
                3.3321666693024246
            ],
            [
                0.0,
                0.0,
                0.0,
                1.0
            ]
        ],
        "qvec": [
            -0.252080494342387,
            0.0052641475349427015,
            0.48085602148143536,
            0.8397649669567514
        ],
        "tvec": [
            -0.051310788427704306,
            -1.263439008506934,
            3.3321666693024246
        ],
        "camera_id": 1,
        "nerf_name": "frame_00049.JPG",
        "intrinsic_mtx": [
            [
                4294.266588216446,
                0.0,
                2747.743880368307
            ],
            [
                0.0,
                4307.087264414481,
                1837.9138500474073
            ],
            [
                0.0,
                0.0,
                1.0
            ]
        ],
        "cam_cent": [
            -1.4017701938402303,
            2.3559534898669376,
            2.2774479389178084
        ],
        "euler_angle": [
            153.98958781367406,
            14.436919269927452,
            57.479244444048305
        ]
    },
    "DJI_0918.JPG": {
        "id": 48,
        "w2c": [
            [
                -0.9020784246048268,
                -0.4313711692411498,
                -0.01316929041349441,
                -0.2164704118703246
            ],
            [
                -0.36973880097100736,
                0.7882122186637739,
                -0.49194991351320716,
                -0.9241316811071464
            ],
            [
                0.2225932050153225,
                -0.43890820531935015,
                -0.8705238953551787,
                3.921769888199556
            ],
            [
                0.0,
                0.0,
                0.0,
                1.0
            ]
        ],
        "qvec": [
            -0.22266650245518319,
            0.005218062914652689,
            0.4844986763884232,
            0.845963021107696
        ],
        "tvec": [
            -0.2164704118703246,
            -0.9241316811071464,
            3.921769888199556
        ],
        "camera_id": 1,
        "nerf_name": "frame_00048.JPG",
        "intrinsic_mtx": [
            [
                4294.266588216446,
                0.0,
                2747.743880368307
            ],
            [
                0.0,
                4307.087264414481,
                1837.9138500474073
            ],
            [
                0.0,
                0.0,
                1.0
            ]
        ],
        "cam_cent": [
            -1.4099199565723433,
            2.3563297713334714,
            2.9565171374467942
        ],
        "euler_angle": [
            153.2432803718431,
            12.86139020881404,
            50.71282201652903
        ]
    },
    "DJI_0917.JPG": {
        "id": 47,
        "w2c": [
            [
                -0.9987539919758696,
                0.0473252654548962,
                -0.015836122059531364,
                0.13962288989712962
            ],
            [
                0.04897628757768927,
                0.8685970161523839,
                -0.49309283789797725,
                -1.1471700461575913
            ],
            [
                -0.009580541079095957,
                -0.4932540347334181,
                -0.8698325531111352,
                4.007797377546193
            ],
            [
                0.0,
                0.0,
                0.0,
                1.0
            ]
        ],
        "qvec": [
            0.02213533337310594,
            0.008461191913265794,
            0.4987906942311316,
            0.8663984525588058
        ],
        "tvec": [
            0.13962288989712962,
            -1.1471700461575913,
            4.007797377546193
        ],
        "camera_id": 1,
        "nerf_name": "frame_00047.JPG",
        "intrinsic_mtx": [
            [
                4294.266588216446,
                0.0,
                2747.743880368307
            ],
            [
                0.0,
                4307.087264414481,
                1837.9138500474073
            ],
            [
                0.0,
                0.0,
                1.0
            ]
        ],
        "cam_cent": [
            0.2340299161493661,
            2.9666830156525954,
            2.9226623767784297
        ],
        "euler_angle": [
            150.44382370361492,
            -0.5489329669660554,
            -2.0806369979445924
        ]
    },
    "DJI_0916.JPG": {
        "id": 46,
        "w2c": [
            [
                -0.9987002557488205,
                0.04853780430350292,
                -0.015552514929555554,
                0.1896822282577631
            ],
            [
                0.049891418458889676,
                0.8685673852764079,
                -0.4930532867736138,
                -1.3851866187222963
            ],
            [
                -0.010423316717780193,
                -0.49318838062904313,
                -0.8698600897162161,
                3.6492048687219008
            ],
            [
                0.0,
                0.0,
                0.0,
                1.0
            ]
        ],
        "qvec": [
            0.022742829666394425,
            0.008323782958073856,
            0.49876482914833237,
            0.8663989401774835
        ],
        "tvec": [
            0.1896822282577631,
            -1.3851866187222963,
            3.6492048687219008
        ],
        "camera_id": 1,
        "nerf_name": "frame_00046.JPG",
        "intrinsic_mtx": [
            [
                4294.266588216446,
                0.0,
                2747.743880368307
            ],
            [
                0.0,
                4307.087264414481,
                1837.9138500474073
            ],
            [
                0.0,
                0.0,
                1.0
            ]
        ],
        "cam_cent": [
            0.296581433225117,
            2.9936666004570425,
            2.4942768950302754
        ],
        "euler_angle": [
            150.44787438366987,
            -0.5972228710558984,
            -2.263953542268777
        ]
    },
    "DJI_0915.JPG": {
        "id": 45,
        "w2c": [
            [
                -0.9986842605982504,
                0.04889831255979207,
                -0.01545000524691374,
                0.15998456581611314
            ],
            [
                0.05014689038474687,
                0.8682059283405459,
                -0.4936636054836037,
                -1.6886338904089933
            ],
            [
                -0.010725531132068075,
                -0.49378884254621985,
                -0.8695156939117316,
                3.1372477451983953
            ],
            [
                0.0,
                0.0,
                0.0,
                1.0
            ]
        ],
        "qvec": [
            0.022926465477270185,
            0.008265645165463801,
            0.49906669294664374,
            0.8662208103491963
        ],
        "tvec": [
            0.15998456581611314,
            -1.6886338904089933,
            3.1372477451983953
        ],
        "camera_id": 1,
        "nerf_name": "frame_00045.JPG",
        "intrinsic_mtx": [
            [
                4294.266588216446,
                0.0,
                2747.743880368307
            ],
            [
                0.0,
                4307.087264414481,
                1837.9138500474073
            ],
            [
                0.0,
                0.0,
                1.0
            ]
        ],
        "cam_cent": [
            0.2781024547816416,
            3.0073969120280832,
            1.8967408178393728
        ],
        "euler_angle": [
            150.40821153251582,
            -0.6145394497520307,
            -2.3263161928976572
        ]
    },
    "DJI_0914.JPG": {
        "id": 44,
        "w2c": [
            [
                -0.9986545171981794,
                0.04955736456729927,
                -0.015271637005050919,
                0.14226768434885478
            ],
            [
                0.05063396526269613,
                0.8682741612510454,
                -0.4934938525104133,
                -1.9705716643587687
            ],
            [
                -0.011196286949088533,
                -0.4936031285566745,
                -0.8696151991758293,
                2.622950129880249
            ],
            [
                0.0,
                0.0,
                0.0,
                1.0
            ]
        ],
        "qvec": [
            0.023256019459255723,
            0.008180736723846779,
            0.4989783087229099,
            0.8662637476713371
        ],
        "tvec": [
            0.14226768434885478,
            -1.9705716643587687,
            2.622950129880249
        ],
        "camera_id": 1,
        "nerf_name": "frame_00044.JPG",
        "intrinsic_mtx": [
            [
                4294.266588216446,
                0.0,
                2747.743880368307
            ],
            [
                0.0,
                4307.087264414481,
                1837.9138500474073
            ],
            [
                0.0,
                0.0,
                1.0
            ]
        ],
        "cam_cent": [
            0.27122142513439235,
            2.998642437713793,
            1.310664957764738
        ],
        "euler_angle": [
            150.4202803806952,
            -0.6415133918916774,
            -2.429433160604553
        ]
    },
    "DJI_0913.JPG": {
        "id": 43,
        "w2c": [
            [
                -0.9985912045176164,
                0.0508131323135463,
                -0.015285020266377647,
                0.1196936509107142
            ],
            [
                0.05172920560868147,
                0.868076587930099,
                -0.493727786107622,
                -2.292196886198
            ],
            [
                -0.011819287083081366,
                -0.49382290658911865,
                -0.8694821685237274,
                2.095751657194339
            ],
            [
                0.0,
                0.0,
                0.0,
                1.0
            ]
        ],
        "qvec": [
            0.02388562987911565,
            0.008188026339152398,
            0.49909151961930853,
            0.8661813251011805
        ],
        "tvec": [
            0.1196936509107142,
            -2.292196886198,
            2.095751657194339
        ],
        "camera_id": 1,
        "nerf_name": "frame_00043.JPG",
        "intrinsic_mtx": [
            [
                4294.266588216446,
                0.0,
                2747.743880368307
            ],
            [
                0.0,
                4307.087264414481,
                1837.9138500474073
            ],
            [
                0.0,
                0.0,
                1.0
            ]
        ],
        "cam_cent": [
            0.26286884154897994,
            3.0186506173586034,
            0.6923269215191322
        ],
        "euler_angle": [
            150.40556563838877,
            -0.6772110345658341,
            -2.5632473017400836
        ]
    },
    "DJI_0912.JPG": {
        "id": 42,
        "w2c": [
            [
                -0.9984762746346387,
                0.05309140367660516,
                -0.015047652553736064,
                0.10346780131460281
            ],
            [
                0.0535927667391987,
                0.8679732818995642,
                -0.49371064122797237,
                -2.5857112988910362
            ],
            [
                -0.013150830580919181,
                -0.49376480713406934,
                -0.8694960442065779,
                1.6106650852875641
            ],
            [
                0.0,
                0.0,
                0.0,
                1.0
            ]
        ],
        "qvec": [
            0.02502661157328846,
            0.008076401784546043,
            0.4990731925099905,
            0.866160717745419
        ],
        "tvec": [
            0.10346780131460281,
            -2.5857112988910362,
            1.6106650852875641
        ],
        "camera_id": 1,
        "nerf_name": "frame_00042.JPG",
        "intrinsic_mtx": [
            [
                4294.266588216446,
                0.0,
                2747.743880368307
            ],
            [
                0.0,
                4307.087264414481,
                1837.9138500474073
            ],
            [
                0.0,
                0.0,
                1.0
            ]
        ],
        "cam_cent": [
            0.2630671509568388,
            3.034124806530715,
            0.12543068431796178
        ],
        "euler_angle": [
            150.4088531292407,
            -0.7535088096238528,
            -2.8522607197176177
        ]
    },
    "DJI_0911.JPG": {
        "id": 41,
        "w2c": [
            [
                -0.9983084632516088,
                0.0561673747539193,
                -0.015014600010012315,
                0.06042565736064775
            ],
            [
                0.05624926945075553,
                0.8677687542944398,
                -0.4937746538214883,
                -2.8934125668313175
            ],
            [
                -0.014704825278260603,
                -0.4937839761307836,
                -0.8694602653543229,
                1.068498946642467
            ],
            [
                0.0,
                0.0,
                0.0,
                1.0
            ]
        ],
        "qvec": [
            0.02656687826511917,
            0.008068035748019372,
            0.4990942710837465,
            0.866102774703902
        ],
        "tvec": [
            0.06042565736064775,
            -2.8934125668313175,
            1.068498946642467
        ],
        "camera_id": 1,
        "nerf_name": "frame_00041.JPG",
        "intrinsic_mtx": [
            [
                4294.266588216446,
                0.0,
                2747.743880368307
            ],
            [
                0.0,
                4307.087264414481,
                1837.9138500474073
            ],
            [
                0.0,
                0.0,
                1.0
            ]
        ],
        "cam_cent": [
            0.23878787856495728,
            3.0350267266020423,
            -0.4987691437956913
        ],
        "euler_angle": [
            150.40688556999052,
            -0.8425547933175314,
            -3.188951947671678
        ]
    },
    "DJI_0910.JPG": {
        "id": 40,
        "w2c": [
            [
                -0.9980538796937491,
                0.060495126088002144,
                -0.015125903207764468,
                0.03201932119441006
            ],
            [
                0.06007566677404955,
                0.8677984148807872,
                -0.4932715533983756,
                -3.2011823733755596
            ],
            [
                -0.01671428999112116,
                -0.4932202863325772,
                -0.8697438598001735,
                0.5807161349048574
            ],
            [
                0.0,
                0.0,
                0.0,
                1.0
            ]
        ],
        "qvec": [
            0.0287311165203689,
            0.008144702542673306,
            0.49882868318986123,
            0.8661859682487665
        ],
        "tvec": [
            0.03201932119441006,
            -3.2011823733755596,
            0.5807161349048574
        ],
        "camera_id": 1,
        "nerf_name": "frame_00040.JPG",
        "intrinsic_mtx": [
            [
                4294.266588216446,
                0.0,
                2747.743880368307
            ],
            [
                0.0,
                4307.087264414481,
                1837.9138500474073
            ],
            [
                0.0,
                0.0,
                1.0
            ]
        ],
        "cam_cent": [
            0.2339764311704355,
            3.0624649548224414,
            -1.073493588252906
        ],
        "euler_angle": [
            150.44299889950707,
            -0.9577028694202463,
            -3.6291456861697107
        ]
    },
    "DJI_0909.JPG": {
        "id": 39,
        "w2c": [
            [
                -0.9977624844463535,
                0.06523325187763887,
                -0.014650852565894202,
                0.04257075823835904
            ],
            [
                0.06398510519263287,
                0.8681278131930329,
                -0.4921991530612078,
                -3.4835463026994855
            ],
            [
                -0.019388938726159006,
                -0.49203528614333225,
                -0.8703593201919096,
                0.139125320643621
            ],
            [
                0.0,
                0.0,
                0.0,
                1.0
            ]
        ],
        "qvec": [
            0.031100410049942788,
            0.00794109394782675,
            0.4982668282482051,
            0.8664293804974013
        ],
        "tvec": [
            0.04257075823835904,
            -3.4835463026994855,
            0.139125320643621
        ],
        "camera_id": 1,
        "nerf_name": "frame_00039.JPG",
        "intrinsic_mtx": [
            [
                4294.266588216446,
                0.0,
                2747.743880368307
            ],
            [
                0.0,
                4307.087264414481,
                1837.9138500474073
            ],
            [
                0.0,
                0.0,
                1.0
            ]
        ],
        "cam_cent": [
            0.2680680744435207,
            3.0898409718770625,
            -1.5928858224387556
        ],
        "euler_angle": [
            150.5194682464564,
            -1.110973973911631,
            -4.220910706527373
        ]
    },
    "DJI_0908.JPG": {
        "id": 38,
        "w2c": [
            [
                -0.9972216739053136,
                0.07311358932788914,
                -0.014259598489377518,
                0.06094102437828511
            ],
            [
                0.0706962765570113,
                0.8685968657430668,
                -0.4904503250098798,
                -3.7582778873604195
            ],
            [
                -0.023472741093874212,
                -0.4900957945921543,
                -0.8713524789364093,
                -0.40282799860939306
            ],
            [
                0.0,
                0.0,
                0.0,
                1.0
            ]
        ],
        "qvec": [
            0.03504149557100369,
            0.007807460313786987,
            0.4973486266538146,
            0.8668076376666052
        ],
        "tvec": [
            0.06094102437828511,
            -3.7582778873604195,
            -0.40282799860939306
        ],
        "camera_id": 1,
        "nerf_name": "frame_00038.JPG",
        "intrinsic_mtx": [
            [
