-- --------------------------------------------------------
-- Host:                         127.0.0.1
-- Server version:               8.0.30 - MySQL Community Server - GPL
-- Server OS:                    Win64
-- HeidiSQL Version:             12.1.0.6537
-- --------------------------------------------------------

/*!40101 SET @OLD_CHARACTER_SET_CLIENT=@@CHARACTER_SET_CLIENT */;
/*!40101 SET NAMES utf8 */;
/*!50503 SET NAMES utf8mb4 */;
/*!40103 SET @OLD_TIME_ZONE=@@TIME_ZONE */;
/*!40103 SET TIME_ZONE='+00:00' */;
/*!40014 SET @OLD_FOREIGN_KEY_CHECKS=@@FOREIGN_KEY_CHECKS, FOREIGN_KEY_CHECKS=0 */;
/*!40101 SET @OLD_SQL_MODE=@@SQL_MODE, SQL_MODE='NO_AUTO_VALUE_ON_ZERO' */;
/*!40111 SET @OLD_SQL_NOTES=@@SQL_NOTES, SQL_NOTES=0 */;

-- Dumping structure for table bts.addresses
CREATE TABLE IF NOT EXISTS `addresses` (
  `id` bigint unsigned NOT NULL AUTO_INCREMENT,
  `detail` text CHARACTER SET utf8mb4 COLLATE utf8mb4_unicode_ci,
  `country_id` bigint unsigned DEFAULT NULL,
  `province_id` bigint unsigned DEFAULT NULL,
  `district_id` bigint unsigned DEFAULT NULL,
  `commune_id` bigint unsigned DEFAULT NULL,
  `created_at` timestamp NULL DEFAULT NULL,
  `updated_at` timestamp NULL DEFAULT NULL,
  PRIMARY KEY (`id`),
  KEY `addresses_country_id_foreign` (`country_id`),
  KEY `addresses_province_id_foreign` (`province_id`),
  KEY `addresses_district_id_foreign` (`district_id`),
  KEY `addresses_commune_id_foreign` (`commune_id`),
  CONSTRAINT `addresses_commune_id_foreign` FOREIGN KEY (`commune_id`) REFERENCES `communes` (`id`) ON DELETE SET NULL,
  CONSTRAINT `addresses_country_id_foreign` FOREIGN KEY (`country_id`) REFERENCES `countries` (`id`) ON DELETE SET NULL,
  CONSTRAINT `addresses_district_id_foreign` FOREIGN KEY (`district_id`) REFERENCES `districts` (`id`) ON DELETE SET NULL,
  CONSTRAINT `addresses_province_id_foreign` FOREIGN KEY (`province_id`) REFERENCES `provinces` (`id`) ON DELETE SET NULL
) ENGINE=InnoDB AUTO_INCREMENT=25 DEFAULT CHARSET=utf8mb4 COLLATE=utf8mb4_unicode_ci;

-- Dumping data for table bts.addresses: ~7 rows (approximately)
INSERT INTO `addresses` (`id`, `detail`, `country_id`, `province_id`, `district_id`, `commune_id`, `created_at`, `updated_at`) VALUES
	(18, NULL, 1, 43, 447, 7392, '2024-09-17 06:22:12', '2024-09-17 06:22:12'),
	(19, NULL, 1, 43, 445, 7351, '2024-09-17 06:24:29', '2024-09-17 06:24:29'),
	(20, NULL, 1, 43, 439, 7257, '2024-09-17 06:25:55', '2024-09-17 06:25:55'),
	(21, NULL, 1, 43, 446, 7380, '2024-09-17 06:28:56', '2024-09-17 06:28:56'),
	(22, '223', 1, 43, 437, 7231, '2024-09-25 12:16:58', '2024-09-25 12:16:58'),
	(23, NULL, 1, 43, 626, 10352, '2024-09-27 11:13:19', '2024-09-27 11:17:28'),
	(24, NULL, 1, 43, 626, 10351, '2024-09-27 11:16:49', '2024-09-27 11:16:49');

-- Dumping structure for table bts.camera_poses
CREATE TABLE IF NOT EXISTS `camera_poses` (
  `id` bigint unsigned NOT NULL AUTO_INCREMENT,
  `image_id` bigint unsigned NOT NULL,
  `w2c` longtext CHARACTER SET utf8mb4 COLLATE utf8mb4_unicode_ci,
  `tvec` longtext CHARACTER SET utf8mb4 COLLATE utf8mb4_unicode_ci,
  `qvec` longtext CHARACTER SET utf8mb4 COLLATE utf8mb4_unicode_ci,
  `cent_point` longtext CHARACTER SET utf8mb4 COLLATE utf8mb4_unicode_ci,
  `euler_angle` longtext CHARACTER SET utf8mb4 COLLATE utf8mb4_unicode_ci,
  `intrinsic_mtx` longtext CHARACTER SET utf8mb4 COLLATE utf8mb4_unicode_ci,
  `created_at` timestamp NULL DEFAULT NULL,
  `updated_at` timestamp NULL DEFAULT NULL,
  PRIMARY KEY (`id`),
  KEY `camera_poses_image_id_foreign` (`image_id`),
  CONSTRAINT `camera_poses_image_id_foreign` FOREIGN KEY (`image_id`) REFERENCES `images` (`id`) ON DELETE CASCADE
) ENGINE=InnoDB AUTO_INCREMENT=26638 DEFAULT CHARSET=utf8mb4 COLLATE=utf8mb4_unicode_ci;

-- Dumping data for table bts.camera_poses: ~1,695 rows (approximately)
INSERT INTO `camera_poses` (`id`, `image_id`, `w2c`, `tvec`, `qvec`, `cent_point`, `euler_angle`, `intrinsic_mtx`, `created_at`, `updated_at`) VALUES
	(24943, 24947, '[[0.32006072249124795,0.9473967455383878,0.0007351609704097479,-0.011973253413593243],[0.826913487415708,-0.2789787799918816,-0.4882467866194651,0.45835982809757314],[-0.4623583223522342,0.15687653380130953,-0.8727052967033685,4.607698847684928],[0,0,0,1]]', '[-0.011973253413593243,0.45835982809757314,4.607698847684928]', '[0.8182878228031605,-0.00331284640960217,0.2812778001844863,0.5012752369947135]', '[1.7552161533146222,-0.5836237370676055,4.244964705441332]', '[-169.80940798401116,-27.539390741254373,140.01267574240512]', '[[3683.76961592027,0,2717.2449163448805],[0,3683.843637036867,1839.1595395965173],[0,0,1]]', '2024-10-01 10:35:49', '2024-10-01 10:35:49'),
	(24944, 24948, '[[0.1818933913715029,0.9833175795779546,0.0011540659975690475,0.13363521101877224],[0.8588121255843683,-0.1582906340067105,-0.4872225447729335,0.4675060664839769],[-0.4789118156034916,0.08961368689383968,-0.8732770808836451,4.63047597917239],[0,0,0,1]]', '[0.13363521101877224,0.4675060664839769,4.63047597917239]', '[0.775173133699112,-0.003076869484145368,0.3084331631959247,0.5513312339295066]', '[1.7917824178742625,-0.4723580451466364,4.271313817749495]', '[-174.14094740173408,-28.61435506958875,157.30737173304405]', '[[3683.76961592027,0,2717.2449163448805],[0,3683.843637036867,1839.1595395965173],[0,0,1]]', '2024-10-01 10:35:49', '2024-10-01 10:35:49'),
	(24945, 24949, '[[-0.16905827363770287,0.9856053676123133,0.0011659538744313459,0.13466066291393636],[0.8611053989678829,0.14827843707114025,-0.48632396297951813,0.5282012880479532],[-0.4794963941293025,-0.08121308043374327,-0.8737777998916311,4.628678450994482],[0,0,0,1]]', '[0.13466066291393636,0.5282012880479532,4.628678450994482]', '[0.6522881887044533,-0.0029826244167002487,0.3692190379370871,0.661958099016142]', '[1.7873631451551149,0.1648661017176264,4.301156408848469]', '[174.68991244235286,-28.6525158877583,-159.41687688369583]', '[[3683.76961592027,0,2717.2449163448805],[0,3683.843637036867,1839.1595395965173],[0,0,1]]', '2024-10-01 10:35:49', '2024-10-01 10:35:49'),
	(24946, 24950, '[[-0.3828731089618882,0.9238004965453648,0.0009083041326660718,0.013846453168786653],[0.8074404001340817,0.3351245415342058,-0.48552192730380755,0.5184830407371313],[-0.448829792532953,-0.18515988832365346,-0.87422401768128,4.656860886737651],[0,0,0,1]]', '[0.013846453168786653,0.5184830407371313,4.656860886737651]', '[0.5638880116962504,-0.0027602837486426263,0.4017560844490498,0.721536374486446]', '[1.6767951863465853,0.6757160900941224,4.322861942608992]', '[168.04152794356673,-26.66862941115676,-132.319688747146]', '[[3683.76961592027,0,2717.2449163448805],[0,3683.843637036867,1839.1595395965173],[0,0,1]]', '2024-10-01 10:35:49', '2024-10-01 10:35:49'),
	(24947, 24951, '[[-0.5819651287038218,0.8132135949077373,0.0004878831619766098,-0.11723825464678436],[0.7108669986932411,0.5090133828620972,-0.4853591311968366,0.4869182936385506],[-0.3949489829605946,-0.2821152692154751,-0.874314746377912,4.697050854981443],[0,0,0,1]]', '[-0.11723825464678436,0.4869182936385506,4.697050854981443]', '[0.46617946440661684,-0.002674077136620903,0.4301324202109808,0.7730819215066872]', '[1.4407327361269133,1.1726015811714867,4.343088265531889]', '[162.11665868526103,-23.262792297937466,-105.21292514461754]', '[[3683.76961592027,0,2717.2449163448805],[0,3683.843637036867,1839.1595395965173],[0,0,1]]', '2024-10-01 10:35:49', '2024-10-01 10:35:49'),
	(24948, 24952, '[[-0.7565543160032199,0.6539306595773668,0.0005093148438403905,-0.22137382621970894],[0.5716664997887673,0.6617579321910511,-0.4850503604796971,0.4366451252170381],[-0.3175263452946217,-0.36667578546576396,-0.8744860710136589,4.748148131463757],[0,0,0,1]]', '[-0.22137382621970894,0.4366451252170381,4.748148131463757]', '[0.35837428237985935,-0.0027292409226693385,0.4534764051175634,0.8160389543240926]', '[1.090565409041854,1.5968407026403608,4.364097028438543]', '[157.25148542016208,-18.513394514179364,-78.02676782710672]', '[[3683.76961592027,0,2717.2449163448805],[0,3683.843637036867,1839.1595395965173],[0,0,1]]', '2024-10-01 10:35:49', '2024-10-01 10:35:49'),
	(24949, 24953, '[[-0.9142800231517755,0.4050827547665002,3.250190020787884e-5,-0.2785786274174575],[0.3542518576374175,0.7995925621269251,-0.4849302588535175,0.4318644061111492],[-0.19646287340367605,-0.4433505344330653,-0.8745528245863067,4.7620938765929175],[0,0,0,1]]', '[-0.2785786274174575,0.4318644061111492,4.7620938765929175]', '[0.216938236938019,-0.002587556414781219,0.4738326855601,0.8534715531292931]', '[0.5278870043763169,1.878808696047391,4.374135823299338]', '[153.11748021954347,-11.330193267098258,-45.083136644847606]', '[[3683.76961592027,0,2717.2449163448805],[0,3683.843637036867,1839.1595395965173],[0,0,1]]', '2024-10-01 10:35:49', '2024-10-01 10:35:49'),
	(24950, 24954, '[[-0.9864466196873254,0.16408173638086165,-0.0005002936051925938,-0.26058816170536026],[0.14377277575367628,0.8628733430026945,-0.48453997037131874,0.4765810100932934],[-0.07907246966886179,-0.4780447444764947,-0.8747689791132688,4.746362333189955],[0,0,0,1]]', '[-0.26058816170536026,0.4765810100932934,4.746362333189955]', '[0.09242460189997077,-0.0023471157935347517,0.48284839668883267,0.8708097437592827]', '[0.049730905691200505,1.9005022774247597,4.382762710625496]', '[151.344227871089,-4.535253265273927,-17.625353565219783]', '[[3683.76961592027,0,2717.2449163448805],[0,3683.843637036867,1839.1595395965173],[0,0,1]]', '2024-10-01 10:35:49', '2024-10-01 10:35:49'),
	(24951, 24955, '[[-0.9974157416035565,-0.07183834436490753,-0.0010443564233805387,-0.296586030191391],[-0.062354915405376965,0.8727839632912691,-0.4841074446301932,0.508333843805611],[0.035688974855245956,-0.4827912651451939,-0.875007937891586,4.750483679490802],[0,0,0,1]]', '[-0.296586030191391,0.508333843805611,4.750483679490802]', '[-0.025803151108272106,-0.002111469903290813,0.48424255179769793,0.8745506789867501]', '[-0.43366235401201453,1.8285201494304981,4.402489384996943]', '[151.11199936515155,2.045261967168717,7.928615945317826]', '[[3683.76961592027,0,2717.2449163448805],[0,3683.843637036867,1839.1595395965173],[0,0,1]]', '2024-10-01 10:35:49', '2024-10-01 10:35:49'),
	(24952, 24956, '[[-0.9551214817166238,-0.29621108394191215,-0.0013960348838533455,-0.3339440903090082],[-0.2585046939986262,0.8358212943997596,-0.4843326202193964,0.5308699649022307],[0.14463152610726335,-0.46223560829718296,-0.8748828287708116,4.758491439843166],[0,0,0,1]]', '[-0.3339440903090082,0.5308699649022307,4.758491439843166]', '[-0.13975828919698066,-0.0019473953479827878,0.47942565295277895,0.8663803273060238]', '[-0.8699526754292045,1.65691382308388,4.419773895069228]', '[152.15071379000148,8.315942269654883,32.68416524239265]', '[[3683.76961592027,0,2717.2449163448805],[0,3683.843637036867,1839.1595395965173],[0,0,1]]', '2024-10-01 10:35:49', '2024-10-01 10:35:49'),
	(24953, 24957, '[[-0.868202056074599,-0.4962042992799608,-0.002546213644179344,-0.3309704564960031],[-0.43301061385046663,0.7601189583845049,-0.48448011042487354,0.498412417754558],[0.24233653897149027,-0.4195240904650638,-0.8747985707571663,4.776442255532936],[0,0,0,1]]', '[-0.3309704564960031,0.498412417754558,4.776442255532936]', '[-0.24688679179347406,-0.0013597259058052565,0.46881766305619343,0.8480890648923121]', '[-1.229037848670213,1.4607509016338855,4.419053040143053]', '[154.37918420360916,14.024485918117405,56.82129192536922]', '[[3683.76961592027,0,2717.2449163448805],[0,3683.843637036867,1839.1595395965173],[0,0,1]]', '2024-10-01 10:35:49', '2024-10-01 10:35:49'),
	(24954, 24958, '[[-0.7307539342513447,-0.6826319948115098,-0.003499605097988538,-0.29558324760648697],[-0.595966843899452,0.6404626266711272,-0.48438739125832736,0.43246388408248815],[0.33289969742958453,-0.3518823432586257,-0.8748466196734775,4.758931761109501],[0,0,0,1]]', '[-0.29558324760648697,0.43246388408248815,4.758931761109501]', '[-0.3574489893363025,-0.0009086704627110318,0.4512316229624147,0.8176915168810006]', '[-1.5425114283514816,1.1958325224207575,4.371780992447352]', '[158.08893567407284,19.44487013599994,83.02505714094714]', '[[3683.76961592027,0,2717.2449163448805],[0,3683.843637036867,1839.1595395965173],[0,0,1]]', '2024-10-01 10:35:49', '2024-10-01 10:35:49'),
	(24955, 24959, '[[-0.5070926897686301,-0.8618836789500819,-0.003678035166713528,-0.2311854587373215],[-0.7527643320567589,0.4449621653321429,-0.4851335195655644,0.38641235217225917],[0.4197652491171186,-0.24323896764787212,-0.8744323531590312,4.697146024013464],[0,0,0,1]]', '[-0.2311854587373215,0.38641235217225917,4.697146024013464]', '[-0.4876041666759349,-0.0006032908866239478,0.4215237805788388,0.7645649188178174]', '[-1.7980536908345681,0.7713350991424018,4.293947727075348]', '[164.4551425655612,24.819767574808065,116.37780744602658]', '[[3683.76961592027,0,2717.2449163448805],[0,3683.843637036867,1839.1595395965173],[0,0,1]]', '2024-10-01 10:35:49', '2024-10-01 10:35:49'),
	(24956, 24960, '[[-0.2618345846567894,-0.9651032685446521,-0.0042815093173371455,-0.2132175257644712],[-0.8431109970062232,0.23089230478755945,-0.4856465693455064,0.36544111848814587],[0.4696876589870944,-0.123549280185344,-0.8741447696811472,4.6504774512323905],[0,0,0,1]]', '[-0.2132175257644712,0.36544111848814587,4.6504774512323905]', '[0.5994262602639743,0.0001097996923215421,-0.38590718807473845,-0.701258717337775]', '[-1.9319921637860942,0.2844086684797681,4.241752873183279]', '[171.9552535172751,28.014023715834586,148.51498380360198]', '[[3683.76961592027,0,2717.2449163448805],[0,3683.843637036867,1839.1595395965173],[0,0,1]]', '2024-10-01 10:35:49', '2024-10-01 10:35:49'),
	(24957, 24961, '[[-0.035162411784076114,-0.9993734056757143,-0.0040497932851382866,-0.1995572170869399],[-0.8730888588153783,0.03269047209267455,-0.4864639530806152,0.37975633760367433],[0.48629152718301394,-0.013569416438570632,-0.8736912621329853,4.620963895260678],[0,0,0,1]]', '[-0.1995572170869399,0.37975633760367433,4.620963895260678]', '[0.6872234345353821,-0.0002034609819180626,-0.3500071813809966,-0.6365680502591632]', '[-1.922591475299279,-0.14914280618140105,4.221225381641598]', '[179.1102030862251,29.097124455963606,176.57235509625002]', '[[3683.76961592027,0,2717.2449163448805],[0,3683.843637036867,1839.1595395965173],[0,0,1]]', '2024-10-01 10:35:49', '2024-10-01 10:35:49'),
	(24958, 24962, '[[0.19735966668969865,-0.980323066059889,-0.003980969112095105,-0.23315243403520758],[-0.8562883668459885,-0.17040888319763434,-0.48757670712572565,0.40567002219661635],[0.4773042999684393,0.09963683394345414,-0.8730710776067221,4.599628877079555],[0,0,0,1]]', '[-0.23315243403520758,0.40567002219661635,4.599628877079555]', '[0.7672707278454032,-0.0007954175635989185,-0.30872114765173275,-0.5621265431333788]', '[-1.8020372338348767,-0.6177273921905275,4.212670021266787]', '[-173.4894435999861,28.509489102936794,-154.76205509739168]', '[[3683.76961592027,0,2717.2449163448805],[0,3683.843637036867,1839.1595395965173],[0,0,1]]', '2024-10-01 10:35:49', '2024-10-01 10:35:49'),
	(24959, 24963, '[[0.4157821758681319,-0.9094595716333508,-0.002910291195770402,-0.25910803439385943],[-0.7947207328041379,-0.3617668060072045,-0.4873845862587364,0.3902957490044726],[0.44220373028912346,0.20495869251102253,-0.8731825669827338,4.5900458993980475],[0,0,0,1]]', '[-0.25910803439385943,0.3902957490044726,4.5900458993980475]', '[0.8358310116726351,-0.0005745078783227296,-0.2638867569949622,-0.48140416424214544]', '[-1.611826792927744,-1.0352220415572664,4.197418113320797]', '[-166.79032458438493,26.24457255026752,-127.17277102577269]', '[[3683.76961592027,0,2717.2449163448805],[0,3683.843637036867,1839.1595395965173],[0,0,1]]', '2024-10-01 10:35:49', '2024-10-01 10:35:49'),
	(24960, 24964, '[[0.6276031730241582,-0.7785299171671913,-0.0023292242603508676,-0.26122265069240597],[-0.6803936034311897,-0.5470326670075455,-0.48766772051934404,0.37778477143623646],[0.3783897483018394,0.30764659806709815,-0.8730262132821742,4.584221824665728],[0,0,0,1]]', '[-0.26122265069240597,0.37778477143623646,4.584221824665728]', '[0.8976802645111057,-0.0008082132656117369,-0.21128981289305723,-0.386686054139796]', '[-1.3136360359957986,-1.407029286675508,4.1857708126313025]', '[-160.58800000935236,22.23397557353716,-97.92498723866737]', '[[3683.76961592027,0,2717.2449163448805],[0,3683.843637036867,1839.1595395965173],[0,0,1]]', '2024-10-01 10:35:49', '2024-10-01 10:35:49'),
	(24961, 24965, '[[0.7973667495362774,-0.6034932807874382,-0.0014583478206713987,-0.2775955965540624],[-0.5272787196882227,-0.6954885264232569,-0.48813201224418357,0.365684188877664],[0.29357012534980487,0.3899891917194907,-0.8727685900879331,4.59807752733748],[0,0,0,1]]', '[-0.2775955965540624,0.365684188877664,4.59807752733748]', '[0.9447062427451023,-0.001156718744517529,-0.15675282801996648,-0.28802313766071047]', '[-0.9356952066370472,-1.7063984579876441,4.1911549686788145]', '[-155.9229280358192,17.071815622054444,-70.27563715800578]', '[[3683.76961592027,0,2717.2449163448805],[0,3683.843637036867,1839.1595395965173],[0,0,1]]', '2024-10-01 10:35:49', '2024-10-01 10:35:49'),
	(24962, 24966, '[[0.9146443244138661,-0.40425891160483657,-0.0007015736423873212,-0.26903516946362604],[-0.35314277168185265,-0.798145881372287,-0.4881120105644959,0.35032202248814603],[0.1967636720189007,0.4466966358016687,-0.872780712972686,4.614664484468821],[0,0,0,1]]', '[-0.26903516946362604,0.35032202248814603,4.614664484468821]', '[0.976277643810891,-0.0013338333005615628,-0.10278517078664538,-0.19056597742026582]', '[-0.538213148279008,-1.890506885953528,4.198397797642367]', '[-152.89624499320817,11.347770853153609,-44.80197163996335]', '[[3683.76961592027,0,2717.2449163448805],[0,3683.843637036867,1839.1595395965173],[0,0,1]]', '2024-10-01 10:35:49', '2024-10-01 10:35:49'),
	(24963, 24967, '[[0.9923363542405488,-0.12356574202946512,0.0002597099993042658,-0.28033018547134975],[-0.10777968737204467,-0.866585222091037,-0.48725105627737036,0.34088142787611053],[0.060432599170980254,0.48348894532360975,-0.8732618969743862,4.627947706638867],[0,0,0,1]]', '[-0.28033018547134975,0.34088142787611053,4.627947706638867]', '[0.9973992769525641,-0.0011752068953266347,-0.03283236834841019,-0.06415089096723947]', '[0.03524301922207551,-1.9767979551939392,4.2075780337479625]', '[-151.0285171748397,3.464643934252431,-13.35385883770878]', '[[3683.76961592027,0,2717.2449163448805],[0,3683.843637036867,1839.1595395965173],[0,0,1]]', '2024-10-01 10:35:49', '2024-10-01 10:35:49'),
	(24964, 24968, '[[0.9949471540133771,0.1003988514363468,0.00048098954657717526,-0.28458314617430414],[0.08793534568535082,-0.8691025620032661,-0.4867526185841815,0.3344211279700151],[-0.04845137459225898,0.4843354285509395,-0.873539728318351,4.636309309136536],[0,0,0,1]]', '[-0.28458314617430414,0.3344211279700151,4.636309309136536]', '[0.9991908993396925,-0.0012058176209226365,0.02157636462357907,0.03391980498517492]', '[0.47837331293632024,-1.9263107760145493,4.212917615570693]', '[-150.99375620923084,-2.777146574457683,10.706851753339059]', '[[3683.76961592027,0,2717.2449163448805],[0,3683.843637036867,1839.1595395965173],[0,0,1]]', '2024-10-01 10:35:49', '2024-10-01 10:35:49'),
	(24965, 24969, '[[0.9453076759285256,0.32617859237403596,0.0009610970305359112,-0.2698767756137008],[0.2855114631619193,-0.8260171198278216,-0.48598242988249146,0.3269303788318575],[-0.1577231822965463,0.4596773255537446,-0.8739680509824186,4.651171686552657],[0,0,0,1]]', '[-0.2698767756137008,0.3269303788318575,4.651171686552657]', '[0.9878560290462864,-0.0011254467617287493,0.07726148773907021,0.1347956295984204]', '[0.8953718165407869,-1.7799600448747939,4.224117251355795]', '[-152.2571636597257,-9.074766207975909,35.63056614757445]', '[[3683.76961592027,0,2717.2449163448805],[0,3683.843637036867,1839.1595395965173],[0,0,1]]', '2024-10-01 10:35:49', '2024-10-01 10:35:49'),
	(24966, 24970, '[[0.845220128596309,0.5344176313915966,0.0008540921699023519,-0.25538826180179913],[0.4676096610547508,-0.7387828576863212,-0.4853257607804211,0.33593125343289953],[-0.25873565487558925,0.41060648368800656,-0.8743329894550881,4.671120859662948],[0,0,0,1]]', '[-0.25538826180179913,0.33593125343289953,4.671120859662948]', '[0.9632956856329441,-0.0010842500533769304,0.1320625976845312,0.2337086150221934]', '[1.2673601145545665,-1.533328269713261,4.247369281592057]', '[-154.84419168524713,-14.995053602802223,61.0685751146329]', '[[3683.76961592027,0,2717.2449163448805],[0,3683.843637036867,1839.1595395965173],[0,0,1]]', '2024-10-01 10:35:49', '2024-10-01 10:35:49'),
	(24967, 24971, '[[0.6998330509848609,0.7143064472892151,1.0501452551094641e-5,-0.24625150486041592],[0.6247265183035088,-0.6120610770981086,-0.4848690701930559,0.33154918570469266],[-0.3463386753996671,0.3393339612572883,-0.8745867507913901,4.666524793649432],[0,0,0,1]]', '[-0.24625150486041592,0.33154918570469266,4.666524793649432]', '[0.9257880052403926,-0.0010069658299907247,0.1854122217185357,0.32945085128168505]', '[1.5814053892766726,-1.2046829542445308,4.242041288159712]', '[-158.7940713191359,-20.26353492350909,87.33869385561266]', '[[3683.76961592027,0,2717.2449163448805],[0,3683.843637036867,1839.1595395965173],[0,0,1]]', '2024-10-01 10:35:49', '2024-10-01 10:35:49'),
	(24968, 24972, '[[0.5216776842473582,0.8531426025154947,0.00030582904262552857,-0.2718267735166082],[0.7464267686813311,-0.45624967127081373,-0.48444124149500467,0.30469854306235783],[-0.4131579271347223,0.25295046400108495,-0.874823747967198,4.667141397778541],[0,0,0,1]]', '[-0.2718267735166082,0.30469854306235783,4.667141397778541]', '[0.8771738300294479,-0.0011311502925605166,0.23460491646606432,0.41895742693075155]', '[1.8426372783554623,-0.8096299710265088,4.230617802902242]', '[-163.87306603960707,-24.403365834990787,113.53762925307838]', '[[3683.76961592027,0,2717.2449163448805],[0,3683.843637036867,1839.1595395965173],[0,0,1]]', '2024-10-01 10:35:49', '2024-10-01 10:35:49'),
	(24969, 24973, '[[0.28971035244095095,0.9571142951932423,-0.0003709788192492371,-0.1451984496320582],[0.8379620184170442,-0.25383122393776686,-0.48310388680354155,0.29772709370692213],[-0.46247980213083245,0.1396493311512792,-0.8755629600034638,4.654120933719287],[0,0,0,1]]', '[-0.1451984496320582,0.29772709370692213,4.654120933719287]', '[0.809029877935092,-0.000628549490980271,0.286450726363431,0.5132409209131038]', '[1.9450184261561487,-0.43540093111326356,4.218755151568475]', '[-170.93784702108056,-27.547240725313223,144.16999388986977]', '[[3683.76961592027,0,2717.2449163448805],[0,3683.843637036867,1839.1595395965173],[0,0,1]]', '2024-10-01 10:35:49', '2024-10-01 10:35:49'),
	(24970, 24974, '[[0.2577271080679067,0.9662101175084391,0.003840129071045754,-0.006708415757900226],[0.8461153409323421,-0.2237703655137695,-0.48375164429361944,0.8420082327900971],[-0.4665464259919904,0.12792510442506122,-0.8751968921630935,5.598876542416136],[0,0,0,1]]', '[-0.006708415757900226,0.8420082327900971,5.598876542416136]', '[0.7991495081707375,-0.0022339701000940954,0.2916179105868576,0.5256558448196077]', '[1.90142869807261,-0.5213386371568309,5.307467977830794]', '[-171.68412350909585,-27.81035007511162,147.2710151346186]', '[[3683.76961592027,0,2717.2449163448805],[0,3683.843637036867,1839.1595395965173],[0,0,1]]', '2024-10-01 10:35:49', '2024-10-01 10:35:49'),
	(24971, 24975, '[[0.25799312794226986,0.9661371363487306,0.004310417896069538,-0.0077916944374257415],[0.8458292116638267,-0.22370599394085686,-0.4842815017849463,0.7211614766758827],[-0.4669180770014297,0.12858717682105228,-0.8749016215132297,5.392704448391043],[0,0,0,1]]', '[-0.0077916944374257415,0.7211614766758827,5.392704448391043]', '[0.79923185117323,-0.0026171427646202302,0.29155924503712655,0.5255614191199182]', '[1.9099819512005995,-0.5245766501662213,5.067364614652119]', '[-171.63891045065736,-27.834427491022502,147.13007412901013]', '[[3683.76961592027,0,2717.2449163448805],[0,3683.843637036867,1839.1595395965173],[0,0,1]]', '2024-10-01 10:35:49', '2024-10-01 10:35:49'),
	(24972, 24976, '[[0.24358670875291985,0.9698685815630537,0.004522147254443714,-0.0027241784744834224],[0.84893358851364,-0.21095397456987988,-0.4845721648078066,0.3917007617087324],[-0.46901735321017035,0.12187434147531308,-0.8747395996967812,4.816975063476922],[0,0,0,1]]', '[-0.0027241784744834224,0.3917007617087324,4.816975063476922]', '[0.7947371194074974,-0.002843404281084869,0.2944456123010021,0.5307415637432736]', '[1.9273805351590734,-0.5017927361267761,4.403418443969456]', '[-172.06824420828633,-27.970529695196607,148.88922023746238]', '[[3683.76961592027,0,2717.2449163448805],[0,3683.843637036867,1839.1595395965173],[0,0,1]]', '2024-10-01 10:35:49', '2024-10-01 10:35:49'),
	(24973, 24977, '[[0.24285184039260768,0.9700521147074834,0.004677431930401395,-0.002133824072207134],[0.8491600925418861,-0.21025052282809162,-0.48448101602102994,0.09877503326927344],[-0.4689884016179703,0.12162899490686556,-0.8747892699077688,4.3219393379787165],[0,0,0,1]]', '[-0.002133824072207134,0.09877503326927344,4.3219393379787165]', '[0.7945073706630413,-0.002850822079595363,0.29450977644249343,0.531049811557601]', '[1.9435818087197125,-0.50283571478591,3.8286507673487242]', '[-172.0844528623538,-27.968651513178667,148.94785367777058]', '[[3683.76961592027,0,2717.2449163448805],[0,3683.843637036867,1839.1595395965173],[0,0,1]]', '2024-10-01 10:35:49', '2024-10-01 10:35:49'),
	(24974, 24978, '[[0.24041227857550176,0.9706599305421968,0.004608204634393052,0.0032068400923794525],[0.8493865939042186,-0.20807274604583717,-0.48502386173129014,-0.1402309307798534],[-0.4698343861467826,0.12051983900072927,-0.8744887752288842,3.899048726517648],[0,0,0,1]]', '[0.0032068400923794525,-0.1402309307798534,3.899048726517648]', '[0.7937424429726267,-0.0030811261770336486,0.2951824988084003,0.5318183273285675]', '[1.950246473901298,-0.5022037108051628,3.341644220053765]', '[-172.15307153818588,-28.023546719608333,149.26483995697728]', '[[3683.76961592027,0,2717.2449163448805],[0,3683.843637036867,1839.1595395965173],[0,0,1]]', '2024-10-01 10:35:49', '2024-10-01 10:35:49'),
	(24975, 24979, '[[0.23989839200799123,0.970786809096111,0.004661844803535703,-0.00946299963355014],[0.8490288110806755,-0.20747648335826133,-0.4859049153982949,-0.4732533873939416],[-0.4707428591778266,0.12052584842381842,-0.8739992450767929,3.3003509248577605],[0,0,0,1]]', '[-0.00946299963355014,-0.4732533873939416,3.3003509248577605]', '[0.793579776080211,-0.003498398963399386,0.2955337387239242,0.5318634312274482]', '[1.9576925498923674,-0.48677998864996336,2.6545921846862353]', '[-172.14834464119645,-28.082527940558453,149.31121503873723]', '[[3683.76961592027,0,2717.2449163448805],[0,3683.843637036867,1839.1595395965173],[0,0,1]]', '2024-10-01 10:35:49', '2024-10-01 10:35:49'),
	(24976, 24980, '[[0.24374404252658038,0.9698301946934601,0.004270268568450797,-0.040365922053593385],[0.8478593362960778,-0.21094762994553173,-0.48645209761695735,-0.7427883695690706],[-0.47087512950714994,0.12219038784294446,-0.8736968132770176,2.791174589703681],[0,0,0,1]]', '[-0.040365922053593385,-0.7427883695690706,2.791174589703681]', '[0.7947827766197642,-0.0036209652798168566,0.2950723763830175,0.5303202044941333]', '[1.95391370345672,-0.45859606172074757,2.0774817571897204]', '[-172.0385688239021,-28.091118089667216,148.91088889062237]', '[[3683.76961592027,0,2717.2449163448805],[0,3683.843637036867,1839.1595395965173],[0,0,1]]', '2024-10-01 10:35:49', '2024-10-01 10:35:49'),
	(24977, 24981, '[[0.24155474706405541,0.9703756095490804,0.004741367215413013,-0.05744377643209377],[0.8482928721573013,-0.20878707629173437,-0.48662835903866714,-0.9622340513547177],[-0.4712223543274836,0.1215694581948966,-0.8735962222996748,2.380609223624476],[0,0,0,1]]', '[-0.05744377643209377,-0.9622340513547177,2.380609223624476]', '[0.7940971753791838,-0.003848336966436902,0.2953973779299138,0.5311640570196049]', '[1.951928387087757,-0.43456936821040915,1.6117132091465336]', '[-172.0776106704644,-28.1136714906183,149.08110029800181]', '[[3683.76961592027,0,2717.2449163448805],[0,3683.843637036867,1839.1595395965173],[0,0,1]]', '2024-10-01 10:35:49', '2024-10-01 10:35:49'),
	(24978, 24982, '[[0.24063094774318852,0.9706059969594453,0.004554739792438129,-0.08629818524900337],[0.8484627610148092,-0.2080657602084077,-0.48664112300546913,-1.18944081945803],[-0.47138910695872205,0.12096544173961164,-0.8735901051095986,1.9769600566038286],[0,0,0,1]]', '[-0.08629818524900337,-1.18944081945803,1.9769600566038286]', '[0.7938077548442595,-0.0037987856370762852,0.29564954295277873,0.5314566448249682]', '[1.961879691421606,-0.4028642187426961,1.1486149932947836]', '[-172.1164223250765,-28.124504311552435,149.23759208740654]', '[[3683.76961592027,0,2717.2449163448805],[0,3683.843637036867,1839.1595395965173],[0,0,1]]', '2024-10-01 10:35:49', '2024-10-01 10:35:49'),
	(24979, 24983, '[[0.23679263641058626,0.9715497667432473,0.0045053393730351745,-0.10850549478224593],[0.8492670795905282,-0.20473234158897488,-0.4866519247175244,-1.4254616655513401],[-0.47188417526496845,0.11906182868005052,-0.8735843440022625,1.5428657734633526],[0,0,0,1]]', '[-0.10850549478224593,-1.4254616655513401,1.5428657734633526]', '[0.7926042444243258,-0.0037950181947927646,0.2964310590908951,0.5328158563365913]', '[1.9643449110008617,-0.37011603688400135,0.654608575520751]', '[-172.23891047596203,-28.156672094132194,149.72922098526573]', '[[3683.76961592027,0,2717.2449163448805],[0,3683.843637036867,1839.1595395965173],[0,0,1]]', '2024-10-01 10:35:49', '2024-10-01 10:35:49'),
	(24980, 24984, '[[0.23608408558960123,0.9717216388475896,0.004621809891883187,-0.110011471727],[0.8491270579412474,-0.20398186074461883,-0.4872110835759015,-1.6780679887012764],[-0.4724907872153305,0.11894728699099395,-0.8732720074032602,1.1118913641898647],[0,0,0,1]]', '[-0.110011471727,-1.6780679887012764,1.1118913641898647]', '[0.7923806221952091,-0.004085475220634512,0.29670160510615784,0.5329956997848896]', '[1.9762233179423343,-0.3676513643917701,0.15391873263949846]', '[-172.24354659066591,-28.196100771283607,149.78857144667228]', '[[3683.76961592027,0,2717.2449163448805],[0,3683.843637036867,1839.1595395965173],[0,0,1]]', '2024-10-01 10:35:50', '2024-10-01 10:35:50'),
	(24981, 24985, '[[0.23030962935814162,0.9731078966882309,0.004300700864144624,-0.040314270411248604],[0.8500684630059391,-0.19903431528596338,-0.4876155755729793,-1.8756900374956638],[-0.47364658008649807,0.11595845265290136,-0.8730478534597685,0.6782080324654013],[0,0,0,1]]', '[-0.040314270411248604,-1.8756900374956638,0.6782080324654013]', '[0.7905649245065308,-0.004179088846689667,0.29807818978480266,0.5349196464245911]', '[1.9249806270901806,-0.41274050143669827,-0.32233423066926453]', '[-172.4342413937886,-28.27126551801693,150.5788029717114]', '[[3683.76961592027,0,2717.2449163448805],[0,3683.843637036867,1839.1595395965173],[0,0,1]]', '2024-10-01 10:35:50', '2024-10-01 10:35:50'),
	(24982, 24986, '[[0.22559908613937088,0.9742118030745566,0.004051553196308932,0.0352075485343346],[0.8510465909697432,-0.1950501131804819,-0.487519387662747,-2.064668804128623],[-0.4741568857792314,0.11343198886779263,-0.8731027611739858,0.283779328236996],[0,0,0,1]]', '[0.0352075485343346,-2.064668804128623,0.283779328236996]', '[0.7890815060552798,-0.004065633833094203,0.29906296182903924,0.5365586568914055]', '[1.8837424789860642,-0.4692031468664556,-0.7589402013231403]', '[-172.59769361527978,-28.30446913202496,151.2231651211117]', '[[3683.76961592027,0,2717.2449163448805],[0,3683.843637036867,1839.1595395965173],[0,0,1]]', '2024-10-01 10:35:50', '2024-10-01 10:35:50'),
	(24983, 24987, '[[0.21593562333385333,0.9764010850841109,0.0035675792901306877,0.07337382929729958],[0.8525035803326232,-0.18675124477657587,-0.4882229184444929,-2.263362243777451],[-0.47603513745886294,0.10846609433814136,-0.8727116673240657,-0.1001700297054901],[0,0,0,1]]', '[0.07337382929729958,-2.263362243777451,-0.1001700297054901]', '[0.7860269646996632,-0.004245851570130642,0.3013421288132861,0.5397559679260208]', '[1.8659959389841416,-0.48346295105651205,-1.1927066407481206]', '[-172.9152507026989,-28.426769141905062,152.53161261021552]', '[[3683.76961592027,0,2717.2449163448805],[0,3683.843637036867,1839.1595395965173],[0,0,1]]', '2024-10-01 10:35:50', '2024-10-01 10:35:50'),
	(24984, 24988, '[[0.2182712887771019,0.9758812604296337,0.0036619718532870443,0.08257437961110595],[0.8522880651956474,-0.18879721089772122,-0.4878121227299526,-2.465325746490916],[-0.47535533911027467,0.10959643561499943,-0.872940961852429,-0.46636525563686115],[0,0,0,1]]', '[0.08257437961110595,-2.465325746490916,-0.46636525563686115]', '[0.7867669687389554,-0.004087196020147822,0.30072562087322896,0.5390223860661266]', '[1.8614548800535602,-0.4949174448334294,-1.610027505500672]', '[-172.84404202654355,-28.382488641614664,152.22209546058056]', '[[3683.76961592027,0,2717.2449163448805],[0,3683.843637036867,1839.1595395965173],[0,0,1]]', '2024-10-01 10:35:50', '2024-10-01 10:35:50'),
	(24985, 24989, '[[0.23161036907128899,0.9728024441121554,0.00347011067238676,0.04532755955212766],[0.8495951319032501,-0.20053633323896364,-0.4878250617766278,-2.6888814504432976],[-0.4738615291252927,0.11593353173473439,-0.8729345149749499,-0.8442219274211783],[0,0,0,1]]', '[0.04532755955212766,-2.6888814504432976,-0.8442219274211783]', '[0.7909735620838001,-0.004017311357152612,0.29817272321951754,0.5342637105604137]', '[1.873917964315705,-0.48543955769027186,-2.048811510065308]', '[-172.43487781393998,-28.28525015682448,150.59567347951622]', '[[3683.76961592027,0,2717.2449163448805],[0,3683.843637036867,1839.1595395965173],[0,0,1]]', '2024-10-01 10:35:50', '2024-10-01 10:35:50'),
	(24986, 24990, '[[0.22035422763349022,0.9754142493554775,0.003325134334049493,0.06412798094225694],[0.8514942880927485,-0.19069453982193274,-0.48845989582311156,-2.9487784104222503],[-0.4758166576628771,0.110465535966621,-0.8725800098868504,-1.2159887718891325],[0,0,0,1]]', '[0.06412798094225694,-2.9487784104222503,-1.2159887718891325]', '[0.7874238583509376,-0.0042727185660631165,0.30063315498024745,0.5381125507757651]', '[1.91814938841966,-0.4905424369896681,-2.501620723908814]', '[-172.784938516351,-28.412535852174233,152.03072045561095]', '[[3683.76961592027,0,2717.2449163448805],[0,3683.843637036867,1839.1595395965173],[0,0,1]]', '2024-10-01 10:35:50', '2024-10-01 10:35:50'),
	(24987, 24991, '[[0.21305890564837088,0.9770321798013027,0.003744643725949362,0.07483299767888953],[0.8528527324479848,-0.18410670148367997,-0.48861737507461345,-3.2113531783303633],[-0.4767054850533239,0.10729791284789662,-0.8724901365737956,-1.6109967751497278],[0,0,0,1]]', '[0.07483299767888953,-3.2113531783303633,-1.6109967751497278]', '[0.7851147392592319,-0.004481614550362261,0.3019657688063726,0.5407323143646092]', '[1.9548964972856275,-0.4914892962265477,-2.9749819797188812]', '[-172.98902852122993,-28.470452188991107,152.8495541818007]', '[[3683.76961592027,0,2717.2449163448805],[0,3683.843637036867,1839.1595395965173],[0,0,1]]', '2024-10-01 10:35:50', '2024-10-01 10:35:50'),
	(24988, 24992, '[[0.21345198040934094,0.9769460398913581,0.0038323882793550893,0.08891423762402278],[0.852847056894315,-0.18442138183041618,-0.48850859917760403,-3.4515751302390463],[-0.4765397670772455,0.1075415690063767,-0.8725506640474302,-2.0308568181196547],[0,0,0,1]]', '[0.08891423762402278,-3.4515751302390463,-2.0308568181196547]', '[0.7852395829464123,-0.004459464208857422,0.3018251533666697,0.540629713711983]', '[1.956902736292572,-0.5050071386990457,-3.458490350947026]', '[-172.97374928370616,-28.459651535754265,152.7820752933987]', '[[3683.76961592027,0,2717.2449163448805],[0,3683.843637036867,1839.1595395965173],[0,0,1]]', '2024-10-01 10:35:50', '2024-10-01 10:35:50'),
	(24989, 24993, '[[0.21262297737355534,0.9771267614841225,0.003842067718851621,0.09593547904954429],[0.853058761585272,-0.1837053301275617,-0.4884087437437271,-3.647498199360461],[-0.47653144573617245,0.10712443080023933,-0.8726065193145868,-2.4320675111098016],[0,0,0,1]]', '[0.09593547904954429,-3.647498199360461,-2.4320675111098016]', '[0.7849770786236511,-0.004418515788740149,0.3019528199827084,0.5409398832201164]', '[1.932175562442544,-0.5032721370129165,-3.9040765695719117]', '[-173.0011758209673,-28.45910922224833,152.884126545773]', '[[3683.76961592027,0,2717.2449163448805],[0,3683.843637036867,1839.1595395965173],[0,0,1]]', '2024-10-01 10:35:50', '2024-10-01 10:35:50'),
	(24990, 24994, '[[0.20452586253696803,0.9788542399789697,0.0036808190262760027,0.11630427811868095],[0.8544207644858388,-0.17668885457462047,-0.4886166246501897,-3.8456625700506066],[-0.4776340950654015,0.10307970481284667,-0.8724908284255782,-2.8871597040831194],[0,0,0,1]]', '[0.11630427811868095,-3.8456625700506066,-2.8871597040831194]', '[0.7824052514347762,-0.004470868287158273,0.303649889824909,0.5437083577372749]', '[1.8830208076892168,-0.49572308030246176,-4.398503121533865]', '[-173.2620712768507,-28.530994707997074,153.92818945994614]', '[[3683.76961592027,0,2717.2449163448805],[0,3683.843637036867,1839.1595395965173],[0,0,1]]', '2024-10-01 10:35:50', '2024-10-01 10:35:50'),
	(24991, 24995, '[[-0.4660833113813651,0.8847337921238767,0.003530428569905698,0.19764229088482196],[0.7722450778608295,0.4087643279956771,-0.4863633044113878,-3.7462696593569933],[-0.4317451639237006,-0.22395946336859382,-0.8737495477516133,-2.6247523169123874],[0,0,0,1]]', '[0.19764229088482196,-3.7462696593569933,-2.6247523169123874]', '[0.5253326789966645,-0.004191703515929041,0.41358922559588873,0.7436073953846984]', '[1.851931958857949,0.7686424659279045,-4.116122002593549]', '[165.6234590802176,-25.578363708528467,-121.88594003688266]', '[[3683.76961592027,0,2717.2449163448805],[0,3683.843637036867,1839.1595395965173],[0,0,1]]', '2024-10-01 10:35:50', '2024-10-01 10:35:50'),
	(24992, 24996, '[[-0.4497559094728426,0.8931452969561459,0.003331729186484146,0.12413459278213211],[0.7794028724334159,0.3942955704574367,-0.48689030136179867,-3.513342858632661],[-0.4361774688550452,-0.21638503100436637,-0.8734567728402162,-2.2482807644369074],[0,0,0,1]]', '[0.12413459278213211,-3.513342858632661,-2.2482807644369074]', '[0.5331234366016123,-0.00425380553537895,0.41150424008308306,0.7392060381775822]', '[1.8134903694279219,0.7879309960050002,-3.674802207016599]', '[166.08601096445994,-25.860241741618196,-124.01915042089053]', '[[3683.76961592027,0,2717.2449163448805],[0,3683.843637036867,1839.1595395965173],[0,0,1]]', '2024-10-01 10:35:50', '2024-10-01 10:35:50'),
	(24993, 24997, '[[-0.44708517410275683,0.8944849406705268,0.0033967648069240463,0.09344567506534354],[0.7806197562193098,0.39202111966064124,-0.4867774008108052,-3.2850609196961114],[-0.4367466580268404,-0.21497937727527106,-0.8735194468635048,-1.8291903027063907],[0,0,0,1]]', '[0.09344567506534354,-3.2850609196961114,-1.8291903027063907]', '[0.5343870385792607,-0.004244848224404699,0.4110549339327328,0.7385433741843443]', '[1.807268878602377,0.8109893185821585,-3.197244130403421]', '[166.17387196000422,-25.896488620373766,-124.39095106175344]', '[[3683.76961592027,0,2717.2449163448805],[0,3683.843637036867,1839.1595395965173],[0,0,1]]', '2024-10-01 10:35:50', '2024-10-01 10:35:50'),
	(24994, 24998, '[[-0.4466004953393475,0.894727168257306,0.0033603489274842157,0.08297236924034983],[0.780948368094562,0.3916355219882434,-0.4865606481081659,-3.094235475899322],[-0.4366550628735365,-0.21467396744659384,-0.8736403400528432,-1.4423112610578004],[0,0,0,1]]', '[0.08297236924034983,-3.094235475899322,-1.4423112610578004]', '[0.5346165398445942,-0.004162745807179846,0.4109016747755566,0.738463025843936]', '[1.823701132225688,0.8279482120801737,-2.765873335237422]', '[166.19459937826912,-25.890654943005885,-124.45153158863558]', '[[3683.76961592027,0,2717.2449163448805],[0,3683.843637036867,1839.1595395965173],[0,0,1]]', '2024-10-01 10:35:50', '2024-10-01 10:35:50'),
