{
    "DJI_20240919123856_0375_V.JPG": {
        "id": 375,
        "w2c": [
            [
                0.45758301553029723,
                -0.8891536987483349,
                -0.004874845035694037,
                0.1404791747137051
            ],
            [
                -0.4336501374645161,
                -0.21839151454699687,
                -0.8741999886177793,
                -2.5446209460379174
            ],
            [
                0.7762508612203773,
                0.40213309103368916,
                -0.48554160292267656,
                2.6836889490088662
            ],
            [
                0.0,
                0.0,
                0.0,
                1.0
            ]
        ],
        "qvec": [
            0.9478818424074996,
            -0.11321856272823086,
            -0.24919264976278266,
            -0.16310914502909105
        ],
        "tvec": [
            0.1404791747137051,
            -2.5446209460379174,
            2.6836889490088662
        ],
        "camera_id": 1,
        "nerf_name": "frame_00375.JPG",
        "intrinsic_mtx": [
            [
                3720.3147557334682,
                0.0,
                2648.563715113003
            ],
            [
                0.0,
                3721.451438043296,
                1949.011562556397
            ],
            [
                0.0,
                0.0,
                1.0
            ]
        ],
        "cam_cent": [
            -3.2510046792414524,
            -1.5100157871607431,
            -0.9208964718840235
        ],
        "euler_angle": [
            -140.3671693574044,
            50.9174007884399,
            -105.75698673943222
        ],
        "take_date": "2024_09_19",
        "Width": 5280,
        "Height": 3956,
        "GPSLatitudeRef": "North",
        "GPSLongitudeRef": "East",
        "GPSAltitudeRef": "Above Sea Level",
        "GimbalRollDegree": "+0.00",
        "GimbalYawDegree": -26.9,
        "GimbalPitchDegree": -29.2,
        "GPSAltitude": "8.7 m Above Sea Level",
        "GPSLatitude": "21 deg 0' 59.25\" N",
        "GPSLongitude": "105 deg 42' 44.22\" E"
    },
    "DJI_20240919123855_0374_V.JPG": {
        "id": 374,
        "w2c": [
            [
                0.3770997155283057,
                -0.9261610902013202,
                -0.0046581405839979505,
                0.1708865266327035
            ],
            [
                -0.4514494378539346,
                -0.17943071217804762,
                -0.8740536757499855,
                -2.5537771664714852
            ],
            [
                0.8086960287895624,
                0.3317083524011203,
                -0.4858070666596033,
                2.6890552527810057
            ],
            [
                0.0,
                0.0,
                0.0,
                1.0
            ]
        ],
        "qvec": [
            0.933790382348939,
            -0.11217732287770836,
            -0.2832822087822866,
            -0.18762451932527824
        ],
        "tvec": [
            0.1708865266327035,
            -2.5537771664714852,
            2.6890552527810057
        ],
        "camera_id": 1,
        "nerf_name": "frame_00374.JPG",
        "intrinsic_mtx": [
            [
                3720.3147557334682,
                0.0,
                2648.563715113003
            ],
            [
                0.0,
                3721.451438043296,
                1949.011562556397
            ],
            [
                0.0,
                0.0,
                1.0
            ]
        ],
        "cam_cent": [
            -3.3920036992355165,
            -1.1919393523139312,
            -0.9251016257103462
        ],
        "euler_angle": [
            -145.67400909088136,
            53.96753515854673,
            -117.5208927193666
        ],
        "take_date": "2024_09_19",
        "Width": 5280,
        "Height": 3956,
        "GPSLatitudeRef": "North",
        "GPSLongitudeRef": "East",
        "GPSAltitudeRef": "Above Sea Level",
        "GimbalRollDegree": "+0.00",
        "GimbalYawDegree": -21.8,
        "GimbalPitchDegree": -29.2,
        "GPSAltitude": "8.7 m Above Sea Level",
        "GPSLatitude": "21 deg 0' 59.24\" N",
        "GPSLongitude": "105 deg 42' 44.20\" E"
    },
    "DJI_20240919123854_0373_V.JPG": {
        "id": 373,
        "w2c": [
            [
                0.299736807644705,
                -0.9540101637180699,
                -0.0047644488489655,
                0.24304986961667913
            ],
            [
                -0.4648022453668273,
                -0.1416794057806565,
                -0.8739890081256312,
                -2.574754840574962
            ],
            [
                0.8331367091990894,
                0.2641812446570471,
                -0.4859223663147339,
                2.6959575836925023
            ],
            [
                0.0,
                0.0,
                0.0,
                1.0
            ]
        ],
        "qvec": [
            0.9190583579512835,
            -0.11113633216975657,
            -0.3143501940709487,
            -0.21015329128828994
        ],
        "tvec": [
            0.24304986961667913,
            -2.574754840574962,
            2.6959575836925023
        ],
        "camera_id": 1,
        "nerf_name": "frame_00373.JPG",
        "intrinsic_mtx": [
            [
                3720.3147557334682,
                0.0,
                2648.563715113003
            ],
            [
                0.0,
                3721.451438043296,
                1949.011562556397
            ],
            [
                0.0,
                0.0,
                1.0
            ]
        ],
        "cam_cent": [
            -3.515737433259601,
            -0.8451388374594742,
            -0.9392491341999587
        ],
        "euler_angle": [
            -151.46763650332156,
            56.421123376384614,
            -129.2782304553976
        ],
        "take_date": "2024_09_19",
        "Width": 5280,
        "Height": 3956,
        "GPSLatitudeRef": "North",
        "GPSLongitudeRef": "East",
        "GPSAltitudeRef": "Above Sea Level",
        "GimbalRollDegree": "+0.00",
        "GimbalYawDegree": -17.0,
        "GimbalPitchDegree": -29.2,
        "GPSAltitude": "8.7 m Above Sea Level",
        "GPSLatitude": "21 deg 0' 59.23\" N",
        "GPSLongitude": "105 deg 42' 44.17\" E"
    },
    "DJI_20240919123853_0372_V.JPG": {
        "id": 372,
        "w2c": [
            [
                0.24620418795325041,
                -0.9692049213139308,
                -0.0050555528349417,
                0.3995678989698316
            ],
            [
                -0.4724869863199431,
                -0.11547482061178224,
                -0.8737231299379996,
                -2.551834957009624
            ],
            [
                0.8462503193280044,
                0.21750301798784114,
                -0.48639733344154756,
                2.7046179099458287
            ],
            [
                0.0,
                0.0,
                0.0,
                1.0
            ]
        ],
        "qvec": [
            0.9082272061562786,
            -0.11016614260527127,
            -0.33496368585897174,
            -0.22535769828609759
        ],
        "tvec": [
            0.3995678989698316,
            -2.551834957009624,
            2.7046179099458287
        ],
        "camera_id": 1,
        "nerf_name": "frame_00372.JPG",
        "intrinsic_mtx": [
            [
                3720.3147557334682,
                0.0,
                2648.563715113003
            ],
            [
                0.0,
                3721.451438043296,
                1949.011562556397
            ],
            [
                0.0,
                0.0,
                1.0
            ]
        ],
        "cam_cent": [
            -3.5929002893930324,
            -0.4956718440314658,
            -0.9121868044296474
        ],
        "euler_angle": [
            -155.90642995831467,
            57.80496057408026,
            -137.7317539745427
        ],
        "take_date": "2024_09_19",
        "Width": 5280,
        "Height": 3956,
        "GPSLatitudeRef": "North",
        "GPSLongitudeRef": "East",
        "GPSAltitudeRef": "Above Sea Level",
        "GimbalRollDegree": "+0.00",
        "GimbalYawDegree": -13.8,
        "GimbalPitchDegree": -29.2,
        "GPSAltitude": "8.8 m Above Sea Level",
        "GPSLatitude": "21 deg 0' 59.23\" N",
        "GPSLongitude": "105 deg 42' 44.15\" E"
    },
    "DJI_20240919123852_0371_V.JPG": {
        "id": 371,
        "w2c": [
            [
                0.17681512640332087,
                -0.9842333124976155,
                -0.004627722939193137,
                0.44981830387218663
            ],
            [
                -0.4792098360044243,
                -0.08198575314664769,
                -0.8738457169094825,
                -2.520344549085629
            ],
            [
                0.8597059971419077,
                0.15672683043829247,
                -0.48618132378930407,
                2.6668767999759737
            ],
            [
                0.0,
                0.0,
                0.0,
                1.0
            ]
        ],
        "qvec": [
            0.893348873266692,
            -0.109071657791984,
            -0.36120453477700215,
            -0.24405419102357126
        ],
        "tvec": [
            0.44981830387218663,
            -2.520344549085629,
            2.6668767999759737
        ],
        "camera_id": 1,
        "nerf_name": "frame_00371.JPG",
        "intrinsic_mtx": [
            [
                3720.3147557334682,
                0.0,
                2648.563715113003
            ],
            [
                0.0,
                3721.451438043296,
                1949.011562556397
            ],
            [
                0.0,
                0.0,
                1.0
            ]
        ],
        "cam_cent": [
            -3.580070692143083,
            -0.18187716701873538,
            -0.9038530578311469
        ],
        "euler_angle": [
            -162.13196864929338,
            59.28242433630778,
            -149.11262310158858
        ],
        "take_date": "2024_09_19",
        "Width": 5280,
        "Height": 3956,
        "GPSLatitudeRef": "North",
        "GPSLongitudeRef": "East",
        "GPSAltitudeRef": "Above Sea Level",
        "GimbalRollDegree": "+0.00",
        "GimbalYawDegree": -9.7,
        "GimbalPitchDegree": -29.2,
        "GPSAltitude": "8.8 m Above Sea Level",
        "GPSLatitude": "21 deg 0' 59.23\" N",
        "GPSLongitude": "105 deg 42' 44.13\" E"
    },
    "DJI_20240919123851_0370_V.JPG": {
        "id": 370,
        "w2c": [
            [
                0.08154466367835696,
                -0.9966620360555658,
                -0.003930169779230723,
                0.44369199337656917
            ],
            [
                -0.4846671516343049,
                -0.036210695769685275,
                -0.8739314953667998,
                -2.4780218758757275
            ],
            [
                0.8708893599777441,
                0.07316930999903178,
                -0.48603325766209154,
                2.62206573146525
            ],
            [
                0.0,
                0.0,
                0.0,
                1.0
            ]
        ],
        "qvec": [
            0.8714358265515604,
            -0.10724369328075485,
            -0.3959996034179106,
            -0.26885443003000703
        ],
        "tvec": [
            0.44369199337656917,
            -2.4780218758757275,
            2.62206573146525
        ],
        "camera_id": 1,
        "nerf_name": "frame_00370.JPG",
        "intrinsic_mtx": [
            [
                3720.3147557334682,
                0.0,
                2648.563715113003
            ],
            [
                0.0,
                3721.451438043296,
                1949.011562556397
            ],
            [
                0.0,
                0.0,
                1.0
            ]
        ],
        "cam_cent": [
            -3.5207573065883397,
            0.16062543400396712,
            -0.8895924032274163
        ],
        "euler_angle": [
            -171.43838407698047,
            60.56104719723303,
            -165.3894559387767
        ],
        "take_date": "2024_09_19",
        "Width": 5280,
        "Height": 3956,
        "GPSLatitudeRef": "North",
        "GPSLongitudeRef": "East",
        "GPSAltitudeRef": "Above Sea Level",
        "GimbalRollDegree": "+0.00",
        "GimbalYawDegree": -4.1,
        "GimbalPitchDegree": -29.2,
        "GPSAltitude": "8.8 m Above Sea Level",
        "GPSLatitude": "21 deg 0' 59.23\" N",
        "GPSLongitude": "105 deg 42' 44.11\" E"
    },
    "DJI_20240919123850_0369_V.JPG": {
        "id": 369,
        "w2c": [
            [
                -0.014233009438588795,
                -0.9998924811017924,
                -0.0035526947593094885,
                0.46022734271297294
            ],
            [
                -0.4863261095421528,
                0.010027449821064707,
                -0.8737024600613814,
                -2.486352706814291
            ],
            [
                0.8736614870704135,
                -0.010707614789150234,
                -0.4864477587827978,
                2.606989439463351
            ],
            [
                0.0,
                0.0,
                0.0,
                1.0
            ]
        ],
        "qvec": [
            0.8476043980757455,
            -0.10495012244923954,
            -0.42961539759368206,
            -0.29322835181981516
        ],
        "tvec": [
            0.46022734271297294,
            -2.486352706814291,
            2.606989439463351
        ],
        "camera_id": 1,
        "nerf_name": "frame_00369.JPG",
        "intrinsic_mtx": [
            [
                3720.3147557334682,
                0.0,
                2648.563715113003
            ],
            [
                0.0,
                3721.451438043296,
                1949.011562556397
            ],
            [
                0.0,
                0.0,
                1.0
            ]
        ],
        "cam_cent": [
            -3.4802862136815667,
            0.5130243166306812,
            -0.902657784406306
        ],
        "euler_angle": [
            178.7389108797802,
            60.885914285022515,
            177.85437739410287
        ],
        "take_date": "2024_09_19",
        "Width": 5280,
        "Height": 3956,
        "GPSLatitudeRef": "North",
        "GPSLongitudeRef": "East",
        "GPSAltitudeRef": "Above Sea Level",
        "GimbalRollDegree": "+0.00",
        "GimbalYawDegree": "+1.40",
        "GimbalPitchDegree": -29.2,
        "GPSAltitude": "8.8 m Above Sea Level",
        "GPSLatitude": "21 deg 0' 59.23\" N",
        "GPSLongitude": "105 deg 42' 44.09\" E"
    },
    "DJI_20240919123849_0368_V.JPG": {
        "id": 368,
        "w2c": [
            [
                -0.1015582445730436,
                -0.9948246359135196,
                -0.0031664880263883727,
                0.47743761403503504
            ],
            [
                -0.4838469112590934,
                0.05217807727365182,
                -0.8735785002457802,
                -2.4774532570715153
            ],
            [
                0.8692399822801803,
                -0.08718697471436533,
                -0.48667300073466335,
                2.5956916358767956
            ],
            [
                0.0,
                0.0,
                0.0,
                1.0
            ]
        ],
        "qvec": [
            0.8241449451925775,
            -0.10270361988800066,
            -0.4594604148700688,
            -0.31485425666941363
        ],
        "tvec": [
            0.47743761403503504,
            -2.4774532570715153,
            2.5956916358767956
        ],
        "camera_id": 1,
        "nerf_name": "frame_00368.JPG",
        "intrinsic_mtx": [
            [
                3720.3147557334682,
                0.0,
                2648.563715113003
            ],
            [
                0.0,
                3721.451438043296,
                1949.011562556397
            ],
            [
                0.0,
                0.0,
                1.0
            ]
        ],
        "cam_cent": [
            -3.4065313633532184,
            0.8305459315981089,
            -0.8996069486445505
        ],
        "euler_angle": [
            169.8428327478868,
            60.36932170557842,
            162.62597609099748
        ],
        "take_date": "2024_09_19",
        "Width": 5280,
        "Height": 3956,
        "GPSLatitudeRef": "North",
        "GPSLongitudeRef": "East",
        "GPSAltitudeRef": "Above Sea Level",
        "GimbalRollDegree": "+0.00",
        "GimbalYawDegree": "+6.40",
        "GimbalPitchDegree": -29.2,
        "GPSAltitude": "8.8 m Above Sea Level",
        "GPSLatitude": "21 deg 0' 59.24\" N",
        "GPSLongitude": "105 deg 42' 44.07\" E"
    },
    "DJI_20240919123848_0367_V.JPG": {
        "id": 367,
        "w2c": [
            [
                -0.19103230904138668,
                -0.9815802737281799,
                -0.0026407069179466593,
                0.48704931555166836
            ],
            [
                -0.47738259782693326,
                0.09526288278002526,
                -0.8734992993392249,
                -2.479171573213062
            ],
            [
                0.8576785933929424,
                -0.16560593564373122,
                -0.48681827523525256,
                2.60684812737084
            ],
            [
                0.0,
                0.0,
                0.0,
                1.0
            ]
        ],
        "qvec": [
            0.7982281079690655,
            -0.10016857635190865,
            -0.48943200592139163,
            -0.3365329932406639
        ],
        "tvec": [
            0.48704931555166836,
            -2.479171573213062,
            2.60684812737084
        ],
        "camera_id": 1,
        "nerf_name": "frame_00367.JPG",
        "intrinsic_mtx": [
            [
                3720.3147557334682,
                0.0,
                2648.563715113003
            ],
            [
                0.0,
                3721.451438043296,
                1949.011562556397
            ],
            [
                0.0,
                0.0,
                1.0
            ]
        ],
        "cam_cent": [
            -3.3263409406368645,
            1.1459604784820432,
            -0.8953261846611482
        ],
        "euler_angle": [
            161.21206004078098,
            59.055759255812234,
            147.43553077996663
        ],
        "take_date": "2024_09_19",
        "Width": 5280,
        "Height": 3956,
        "GPSLatitudeRef": "North",
        "GPSLongitudeRef": "East",
        "GPSAltitudeRef": "Above Sea Level",
        "GimbalRollDegree": "+0.00",
        "GimbalYawDegree": "+11.60",
        "GimbalPitchDegree": -29.2,
        "GPSAltitude": "8.8 m Above Sea Level",
        "GPSLatitude": "21 deg 0' 59.24\" N",
        "GPSLongitude": "105 deg 42' 44.05\" E"
    },
    "DJI_20240919123847_0366_V.JPG": {
        "id": 366,
        "w2c": [
            [
                -0.280678962714207,
                -0.9597995043295011,
                -0.002092069933951743,
                0.5123199326400827
            ],
            [
                -0.4671117783635242,
                0.1385124574903418,
                -0.8732649786048184,
                -2.5009147524027586
            ],
            [
                0.8384664356871501,
                -0.2441298571193524,
                -0.4872411443709233,
                2.637094616882921
            ],
            [
                0.0,
                0.0,
                0.0,
                1.0
            ]
        ],
        "qvec": [
            0.7701288284714826,
            -0.09723171990690843,
            -0.5189047968805316,
            -0.3580298758141011
        ],
        "tvec": [
            0.5123199326400827,
            -2.5009147524027586,
            2.637094616882921
        ],
        "camera_id": 1,
        "nerf_name": "frame_00366.JPG",
        "intrinsic_mtx": [
            [
                3720.3147557334682,
                0.0,
                2648.563715113003
            ],
            [
                0.0,
                3721.451438043296,
                1949.011562556397
            ],
            [
                0.0,
                0.0,
                1.0
            ]
        ],
        "cam_cent": [
            -3.235556646429087,
            1.4819256588458969,
            -0.898104226876963
        ],
        "euler_angle": [
            153.38629583174676,
            56.977343610551586,
            132.90348566655172
        ],
        "take_date": "2024_09_19",
        "Width": 5280,
        "Height": 3956,
        "GPSLatitudeRef": "North",
        "GPSLongitudeRef": "East",
        "GPSAltitudeRef": "Above Sea Level",
        "GimbalRollDegree": "+0.00",
        "GimbalYawDegree": "+16.90",
        "GimbalPitchDegree": -29.2,
        "GPSAltitude": "8.8 m Above Sea Level",
        "GPSLatitude": "21 deg 0' 59.25\" N",
        "GPSLongitude": "105 deg 42' 44.03\" E"
    },
    "DJI_20240919123846_0365_V.JPG": {
        "id": 365,
        "w2c": [
            [
                -0.3677254823700965,
                -0.9299331598178208,
                -0.0015597847857495367,
                0.5277993443943678
            ],
            [
                -0.4526179463544177,
                0.1804567754585502,
                -0.8732377060005205,
                -2.503560038814954
            ],
            [
                0.8123515382048346,
                -0.32040575367903656,
                -0.48729201539994493,
                2.652752350054765
            ],
            [
                0.0,
                0.0,
                0.0,
                1.0
            ]
        ],
        "qvec": [
            0.740445729656022,
            -0.09425251503895414,
            -0.5472623134889312,
            -0.37862982592201594
        ],
        "tvec": [
            0.5277993443943678,
            -2.503560038814954,
            2.652752350054765
        ],
        "camera_id": 1,
        "nerf_name": "frame_00365.JPG",
        "intrinsic_mtx": [
            [
                3720.3147557334682,
                0.0,
                2648.563715113003
            ],
            [
                0.0,
                3721.451438043296,
                1949.011562556397
            ],
            [
                0.0,
                0.0,
                1.0
            ]
        ],
        "cam_cent": [
            -3.094070229996718,
            1.7925594007915997,
            -0.8928254366426446
        ],
        "euler_angle": [
            146.6733713871914,
            54.325134922503395,
            119.48619526316247
        ],
        "take_date": "2024_09_19",
        "Width": 5280,
        "Height": 3956,
        "GPSLatitudeRef": "North",
        "GPSLongitudeRef": "East",
        "GPSAltitudeRef": "Above Sea Level",
        "GimbalRollDegree": "+0.00",
        "GimbalYawDegree": "+22.20",
        "GimbalPitchDegree": -29.2,
        "GPSAltitude": "8.8 m Above Sea Level",
        "GPSLatitude": "21 deg 0' 59.26\" N",
        "GPSLongitude": "105 deg 42' 44.01\" E"
    },
    "DJI_20240919123845_0364_V.JPG": {
        "id": 364,
        "w2c": [
            [
                -0.4515339301867868,
                -0.8922534297895514,
                -0.0010372217277299046,
                0.5334809501587777
            ],
            [
                -0.4343856827258038,
                0.22085623337461116,
                -0.8732150298234986,
                -2.5007688899176914
            ],
            [
                0.7793755486946473,
                -0.39383564812831084,
                -0.4873340417450881,
                2.6492457609403375
            ],
            [
                0.0,
                0.0,
                0.0,
                1.0
            ]
        ],
        "qvec": [
            0.7092436128341298,
            -0.0910688393344646,
            -0.5744100586406601,
            -0.39841316329747173
        ],
        "tvec": [
            0.5334809501587777,
            -2.5007688899176914,
            2.6492457609403375
        ],
        "camera_id": 1,
        "nerf_name": "frame_00364.JPG",
        "intrinsic_mtx": [
            [
                3720.3147557334682,
                0.0,
                2648.563715113003
            ],
            [
                0.0,
                3721.451438043296,
                1949.011562556397
            ],
            [
                0.0,
                0.0,
                1.0
            ]
        ],
        "cam_cent": [
            -2.9102026615972805,
            2.0716777710569265,
            -0.8921921222144289
        ],
        "euler_angle": [
            141.05607725318072,
            51.20226016216656,
            107.15159138406322
        ],
        "take_date": "2024_09_19",
        "Width": 5280,
        "Height": 3956,
        "GPSLatitudeRef": "North",
        "GPSLongitudeRef": "East",
        "GPSAltitudeRef": "Above Sea Level",
        "GimbalRollDegree": "+0.00",
        "GimbalYawDegree": "+27.50",
        "GimbalPitchDegree": -29.2,
        "GPSAltitude": "8.8 m Above Sea Level",
        "GPSLatitude": "21 deg 0' 59.27\" N",
        "GPSLongitude": "105 deg 42' 44.00\" E"
    },
    "DJI_20240919123844_0363_V.JPG": {
        "id": 363,
        "w2c": [
            [
                -0.5342221244654208,
                -0.8453439742947448,
                -0.000661703485645612,
                0.5394425975608386
            ],
            [
                -0.4114755307079165,
                0.2607387511679485,
                -0.8733140942361111,
                -2.4827616420326493
            ],
            [
                0.7384406995354887,
                -0.46627142877430233,
                -0.4871571485046971,
                2.6368112736714155
            ],
            [
                0.0,
                0.0,
                0.0,
                1.0
            ]
        ],
        "qvec": [
            0.6753707436361398,
            -0.08770160504595094,
            -0.6012280839178524,
            -0.4179803562623479
        ],
        "tvec": [
            0.5394425975608386,
            -2.4827616420326493,
            2.6368112736714155
        ],
        "camera_id": 1,
        "nerf_name": "frame_00363.JPG",
        "intrinsic_mtx": [
            [
                3720.3147557334682,
                0.0,
                2648.563715113003
            ],
            [
                0.0,
                3721.451438043296,
                1949.011562556397
            ],
            [
                0.0,
                0.0,
                1.0
            ]
        ],
        "cam_cent": [
            -2.680573806209106,
            2.332836169186048,
            -0.8834282283774056
        ],
        "euler_angle": [
            136.2542300017502,
            47.59759845673784,
            95.37958636322142
        ],
        "take_date": "2024_09_19",
        "Width": 5280,
        "Height": 3956,
        "GPSLatitudeRef": "North",
        "GPSLongitudeRef": "East",
        "GPSAltitudeRef": "Above Sea Level",
        "GimbalRollDegree": "+0.00",
        "GimbalYawDegree": "+32.90",
        "GimbalPitchDegree": -29.2,
        "GPSAltitude": "8.8 m Above Sea Level",
        "GPSLatitude": "21 deg 0' 59.28\" N",
        "GPSLongitude": "105 deg 42' 43.98\" E"
    },
    "DJI_20240919123843_0362_V.JPG": {
        "id": 362,
        "w2c": [
            [
                -0.6191423762621946,
                -0.7852788450525995,
                -0.0001228861360108681,
                0.5409272640779992
            ],
            [
                -0.38254898551159955,
                0.30177684627749385,
                -0.8732486110851818,
                -2.4791144624041555
            ],
            [
                0.6857981109412747,
                -0.5406182082504725,
                -0.48727495371603885,
                2.625363686149041
            ],
            [
                0.0,
                0.0,
                0.0,
                1.0
            ]
        ],
        "qvec": [
            0.6365827298961376,
            -0.08360612779130962,
            -0.628955305535785,
            -0.4383921384241646
        ],
        "tvec": [
            0.5409272640779992,
            -2.4791144624041555,
            2.625363686149041
        ],
        "camera_id": 1,
        "nerf_name": "frame_00362.JPG",
        "intrinsic_mtx": [
            [
                3720.3147557334682,
                0.0,
                2648.563715113003
            ],
            [
                0.0,
                3721.451438043296,
                1949.011562556397
            ],
            [
                0.0,
                0.0,
                1.0
            ]
        ],
        "cam_cent": [
            -2.413972842213525,
            2.5922371272469253,
            -0.8856291847263776
        ],
        "euler_angle": [
            132.02866115794086,
            43.29727251385859,
            83.47073975841457
        ],
        "take_date": "2024_09_19",
        "Width": 5280,
        "Height": 3956,
        "GPSLatitudeRef": "North",
        "GPSLongitudeRef": "East",
        "GPSAltitudeRef": "Above Sea Level",
        "GimbalRollDegree": "+0.00",
        "GimbalYawDegree": "+38.90",
        "GimbalPitchDegree": -29.2,
        "GPSAltitude": "8.8 m Above Sea Level",
        "GPSLatitude": "21 deg 0' 59.30\" N",
        "GPSLongitude": "105 deg 42' 43.97\" E"
    },
    "DJI_20240919123842_0361_V.JPG": {
        "id": 361,
        "w2c": [
            [
                -0.6861673763789258,
                -0.7274434148310798,
                0.0007781974582202273,
                0.607118475068502
            ],
            [
                -0.35479158764260227,
                0.3337555166125479,
                -0.8733315793827712,
                -2.473437336793975
            ],
            [
                0.6350569409914949,
                -0.5995277390395498,
                -0.48712562983657487,
                2.6010176792535655
            ],
            [
                0.0,
                0.0,
                0.0,
                1.0
            ]
        ],
        "qvec": [
            0.6022204439808752,
            -0.07984339426159373,
            -0.6513467014275099,
            -0.45464606430031673
        ],
        "tvec": [
            0.607118475068502,
            -2.473437336793975,
            2.6010176792535655
        ],
        "camera_id": 1,
        "nerf_name": "frame_00361.JPG",
        "intrinsic_mtx": [
            [
                3720.3147557334682,
                0.0,
                2648.563715113003
            ],
            [
                0.0,
                3721.451438043296,
                1949.011562556397
            ],
            [
                0.0,
                0.0,
                1.0
            ]
        ],
        "cam_cent": [
            -2.1127961675684284,
            2.8265495225790884,
            -0.8936566046877904
        ],
        "euler_angle": [
            129.09387454828078,
            39.42309366361842,
            73.94006496397111
        ],
        "take_date": "2024_09_19",
        "Width": 5280,
        "Height": 3956,
        "GPSLatitudeRef": "North",
        "GPSLongitudeRef": "East",
        "GPSAltitudeRef": "Above Sea Level",
        "GimbalRollDegree": "+0.00",
        "GimbalYawDegree": "+43.90",
        "GimbalPitchDegree": -29.2,
        "GPSAltitude": "8.7 m Above Sea Level",
        "GPSLatitude": "21 deg 0' 59.32\" N",
        "GPSLongitude": "105 deg 42' 43.95\" E"
    },
    "DJI_20240919123841_0360_V.JPG": {
        "id": 360,
        "w2c": [
            [
                -0.745579056355309,
                -0.66641589098453,
                0.0013973839307356742,
                0.6705130702038188
            ],
            [
                -0.32554009476900236,
                0.3624146072894618,
                -0.8733034946644196,
                -2.4703082072742246
            ],
            [
                0.5814942603261768,
                -0.6515717068710128,
                -0.4871745948910223,
                2.5826511931783696
            ],
            [
                0.0,
                0.0,
                0.0,
                1.0
            ]
        ],
        "qvec": [
            0.5680487890168009,
            -0.0760855677017146,
            -0.6715748186332247,
            -0.46959431710978494
        ],
        "tvec": [
            0.6705130702038188,
            -2.4703082072742246,
            2.5826511931783696
        ],
        "camera_id": 1,
        "nerf_name": "frame_00360.JPG",
        "intrinsic_mtx": [
            [
                3720.3147557334682,
                0.0,
                2648.563715113003
            ],
            [
                0.0,
                3721.451438043296,
                1949.011562556397
            ],
            [
                0.0,
                0.0,
                1.0
            ]
        ],
        "cam_cent": [
            -1.8060929359623374,
            3.024898324779294,
            -0.9001283151581182
        ],
        "euler_angle": [
            126.78469957191776,
            35.55461333962856,
            65.24384357527957
        ],
        "take_date": "2024_09_19",
        "Width": 5280,
        "Height": 3956,
        "GPSLatitudeRef": "North",
        "GPSLongitudeRef": "East",
        "GPSAltitudeRef": "Above Sea Level",
        "GimbalRollDegree": "+0.00",
        "GimbalYawDegree": "+48.80",
        "GimbalPitchDegree": -29.2,
        "GPSAltitude": "8.7 m Above Sea Level",
        "GPSLatitude": "21 deg 0' 59.33\" N",
        "GPSLongitude": "105 deg 42' 43.94\" E"
    },
    "DJI_20240919123840_0359_V.JPG": {
        "id": 359,
        "w2c": [
            [
                -0.8134598129902156,
                -0.5816180060296178,
                0.001968483331824158,
                0.6684731884989666
            ],
            [
                -0.28441622161296987,
                0.3948759474885498,
                -0.8735918164234789,
                -2.4730380612820833
            ],
            [
                0.5073367746413591,
                -0.7111917165472592,
                -0.4866554178610042,
                2.6033774159767176
            ],
            [
                0.0,
                0.0,
                0.0,
                1.0
            ]
        ],
        "qvec": [
            0.5229425190395727,
            -0.07134052737829362,
            -0.6957124059631359,
            -0.4872636854136763
        ],
        "tvec": [
            0.6684731884989666,
            -2.4730380612820833,
            2.6033774159767176
        ],
        "camera_id": 1,
        "nerf_name": "frame_00359.JPG",
        "intrinsic_mtx": [
            [
                3720.3147557334682,
                0.0,
                2648.563715113003
            ],
            [
                0.0,
                3721.451438043296,
                1949.011562556397
            ],
            [
                0.0,
                0.0,
                1.0
            ]
        ],
        "cam_cent": [
            -1.4804172296682705,
            3.216839232363446,
            -0.8948469203977638
        ],
        "euler_angle": [
            124.38275114653374,
            30.4855195514261,
            54.64584642582393
        ],
        "take_date": "2024_09_19",
        "Width": 5280,
        "Height": 3956,
        "GPSLatitudeRef": "North",
        "GPSLongitudeRef": "East",
        "GPSAltitudeRef": "Above Sea Level",
        "GimbalRollDegree": "+0.00",
        "GimbalYawDegree": "+54.90",
        "GimbalPitchDegree": -29.2,
        "GPSAltitude": "8.7 m Above Sea Level",
        "GPSLatitude": "21 deg 0' 59.35\" N",
        "GPSLongitude": "105 deg 42' 43.93\" E"
    },
    "DJI_20240919123839_0358_V.JPG": {
        "id": 358,
        "w2c": [
            [
                -0.8966750520516796,
                -0.44268764567173763,
                0.0013009993489692681,
                0.4864184600095667
            ],
            [
                -0.21648197660345053,
                0.4359859501356395,
                -0.8735206478627511,
                -2.5221963698090266
            ],
            [
                0.3861469437975033,
                -0.7835458354060871,
                -0.48678539166690604,
                2.6780255330203873
            ],
            [
                0.0,
                0.0,
                0.0,
                1.0
            ]
        ],
        "qvec": [
            -0.4527965680817634,
            0.0642320093571634,
            0.7274004042347325,
            0.511603526987907
        ],
        "tvec": [
            0.4864184600095667,
            -2.5221963698090266,
            2.6780255330203873
        ],
        "camera_id": 1,
        "nerf_name": "frame_00358.JPG",
        "intrinsic_mtx": [
            [
                3720.3147557334682,
                0.0,
                2648.563715113003
            ],
            [
                0.0,
                3721.451438043296,
                1949.011562556397
            ],
            [
                0.0,
                0.0,
                1.0
            ]
        ],
        "cam_cent": [
            -1.1439944142021061,
            3.413328818172658,
            -0.9002406432027914
        ],
        "euler_angle": [
            121.85075811862306,
            22.713909907664124,
            39.723419265778034
        ],
        "take_date": "2024_09_19",
        "Width": 5280,
        "Height": 3956,
        "GPSLatitudeRef": "North",
        "GPSLongitudeRef": "East",
        "GPSAltitudeRef": "Above Sea Level",
        "GimbalRollDegree": "+0.00",
        "GimbalYawDegree": "+64.20",
        "GimbalPitchDegree": -29.2,
        "GPSAltitude": "8.7 m Above Sea Level",
        "GPSLatitude": "21 deg 0' 59.37\" N",
        "GPSLongitude": "105 deg 42' 43.92\" E"
    },
    "DJI_20240919123838_0357_V.JPG": {
        "id": 357,
        "w2c": [
            [
                -0.932976123170688,
                -0.3599353369834427,
                0.0015183070404947198,
                0.5511869026116037
            ],
            [
                -0.17647133603214885,
                0.45382202800471005,
                -0.8734371512995321,
                -2.5411820915181793
            ],
            [
                0.3137092260718398,
                -0.8151639691599432,
                -0.48693456424416864,
                2.667529835929614
            ],
            [
                0.0,
                0.0,
                0.0,
                1.0
            ]
        ],
        "qvec": [
            -0.4123924695383862,
            0.059813039150593814,
            0.743068290847759,
            0.5236452678600189
        ],
        "tvec": [
            0.5511869026116037,
            -2.5411820915181793,
            2.667529835929614
        ],
        "camera_id": 1,
        "nerf_name": "frame_00357.JPG",
        "intrinsic_mtx": [
            [
                3720.3147557334682,
                0.0,
                2648.563715113003
