{
    "DJI_0397.JPG": {
        "id": 397,
        "w2c": [
            [
                0.20918821822071246,
                0.9778559550453775,
                -0.006166079786769119,
                0.020443531482280595
            ],
            [
                0.8505525804184945,
                -0.1850588038722359,
                -0.4922535394010063,
                -3.5295813464273484
            ],
            [
                -0.4824941422453583,
                0.09772906574643289,
                -0.8704300272895262,
                -2.9485718750412397
            ],
            [
                0.0,
                0.0,
                0.0,
                1.0
            ]
        ],
        "qvec": [
            0.7838771516699015,
            -0.0030471813156230224,
            0.30724498420508994,
            0.5395626427549687
        ],
        "tvec": [
            0.020443531482280595,
            -3.5295813464273484,
            -2.9485718750412397
        ],
        "camera_id": 1,
        "nerf_name": "frame_00397.JPG",
        "intrinsic_mtx": [
            [
                3683.76961592027,
                0.0,
                2717.2449163448805
            ],
            [
                0.0,
                3683.843637036867,
                1839.1595395965173
            ],
            [
                0.0,
                0.0,
                1.0
            ]
        ],
        "cam_cent": [
            1.575149318379037,
            -0.3850097565077175,
            -4.303848351593663
        ],
        "euler_angle": [
            -173.59384427250225,
            -28.848425470469333,
            155.45001968069383
        ],
        "Width": 5472,
        "Height": 3648,
        "GPSLatitudeRef": "North",
        "GPSLongitudeRef": "East",
        "GPSAltitudeRef": "Above Sea Level",
        "GPSLongtitude": "105 deg 51' 26.47\" E",
        "GimbalRollDegree": "+0.00",
        "GimbalYawDegree": -175.8,
        "GimbalPitchDegree": -60.0,
        "GPSAltitude": "24.2 m Above Sea Level",
        "GPSLatitude": "21 deg 16' 37.87\" N",
        "GPSLongitude": "105 deg 51' 26.47\" E"
    },
    "DJI_0396.JPG": {
        "id": 396,
        "w2c": [
            [
                0.45339332689896633,
                0.8912978401648631,
                -0.004759331984459144,
                -0.04549536010426705
            ],
            [
                0.7744268550656166,
                -0.39657455258722984,
                -0.4929418529536905,
                -3.625187688384337
            ],
            [
                -0.44124543881684064,
                0.21981079217747682,
                -0.8700492390466439,
                -2.98487484269386
            ],
            [
                0.0,
                0.0,
                0.0,
                1.0
            ]
        ],
        "qvec": [
            0.857704688455413,
            -0.0041090824636213765,
            0.2550915855279068,
            0.44637883667997663
        ],
        "tvec": [
            -0.04549536010426705,
            -3.625187688384337,
            -2.98487484269386
        ],
        "camera_id": 1,
        "nerf_name": "frame_00396.JPG",
        "intrinsic_mtx": [
            [
                3683.76961592027,
                0.0,
                2717.2449163448805
            ],
            [
                0.0,
                3683.843637036867,
                1839.1595395965173
            ],
            [
                0.0,
                0.0,
                1.0
            ]
        ],
        "cam_cent": [
            1.5110075834364125,
            -0.7409995656441359,
            -4.384211349474833
        ],
        "euler_angle": [
            -165.8213859430102,
            -26.183372061905857,
            123.72540308953111
        ],
        "Width": 5472,
        "Height": 3648,
        "GPSLatitudeRef": "North",
        "GPSLongitudeRef": "East",
        "GPSAltitudeRef": "Above Sea Level",
        "GPSLongtitude": "105 deg 51' 26.51\" E",
        "GimbalRollDegree": "+0.00",
        "GimbalYawDegree": -160.9,
        "GimbalPitchDegree": -60.0,
        "GPSAltitude": "24 m Above Sea Level",
        "GPSLatitude": "21 deg 16' 37.87\" N",
        "GPSLongitude": "105 deg 51' 26.51\" E"
    },
    "DJI_0395.JPG": {
        "id": 395,
        "w2c": [
            [
                0.6653746303442374,
                0.7464905966623415,
                -0.005328263222823531,
                -0.00555322377105563
            ],
            [
                0.6475450287590914,
                -0.5807027477485405,
                -0.4934265441650694,
                -3.6949716725816373
            ],
            [
                -0.3714324124570408,
                0.32486321406400825,
                -0.8697711510071747,
                -3.008832316986607
            ],
            [
                0.0,
                0.0,
                0.0,
                1.0
            ]
        ],
        "qvec": [
            0.9165976256532856,
            -0.004497122337460903,
            0.1997660211150929,
            0.3462977120127796
        ],
        "tvec": [
            -0.00555322377105563,
            -3.6949716725816373,
            -3.008832316986607
        ],
        "camera_id": 1,
        "nerf_name": "frame_00395.JPG",
        "intrinsic_mtx": [
            [
                3683.76961592027,
                0.0,
                2717.2449163448805
            ],
            [
                0.0,
                3683.843637036867,
                1839.1595395965173
            ],
            [
                0.0,
                0.0,
                1.0
            ]
        ],
        "cam_cent": [
            1.278777666022746,
            -1.1640758367189934,
            -4.4402222397607956
        ],
        "euler_angle": [
            -159.51912651758417,
            -21.803985021176388,
            93.66696976972004
        ],
        "Width": 5472,
        "Height": 3648,
        "GPSLatitudeRef": "North",
        "GPSLongitudeRef": "East",
        "GPSAltitudeRef": "Above Sea Level",
        "GPSLongtitude": "105 deg 51' 26.57\" E",
        "GimbalRollDegree": "+0.00",
        "GimbalYawDegree": -146.2,
        "GimbalPitchDegree": -60.0,
        "GPSAltitude": "23.9 m Above Sea Level",
        "GPSLatitude": "21 deg 16' 37.85\" N",
        "GPSLongitude": "105 deg 51' 26.57\" E"
    },
    "DJI_0394.JPG": {
        "id": 394,
        "w2c": [
            [
                0.825078969072255,
                0.5649967335708204,
                -0.004835891744932846,
                0.06681764693130171
            ],
            [
                0.4896659113415837,
                -0.7192894044012873,
                -0.4927981818006822,
                -3.735831739412952
            ],
            [
                -0.28190776871998646,
                0.40422944446235676,
                -0.8701302006969838,
                -3.0360023814282635
            ],
            [
                0.0,
                0.0,
                0.0,
                1.0
            ]
        ],
        "qvec": [
            0.958199860083549,
            -0.004430275053687567,
            0.14403143962031653,
            0.24716056562428254
        ],
        "tvec": [
            0.06681764693130171,
            -3.735831739412952,
            -3.0360023814282635
        ],
        "camera_id": 1,
        "nerf_name": "frame_00394.JPG",
        "intrinsic_mtx": [
            [
                3683.76961592027,
                0.0,
                2717.2449163448805
            ],
            [
                0.0,
                3683.843637036867,
                1839.1595395965173
            ],
            [
                0.0,
                0.0,
                1.0
            ]
        ],
        "cam_cent": [
            0.9183069608755378,
            -1.4976543830157008,
            -4.482405327257466
        ],
        "euler_angle": [
            -155.0822087867894,
            -16.374099358827596,
            66.14215871988449
        ],
        "Width": 5472,
        "Height": 3648,
        "GPSLatitudeRef": "North",
        "GPSLongitudeRef": "East",
        "GPSAltitudeRef": "Above Sea Level",
        "GPSLongtitude": "105 deg 51' 26.61\" E",
        "GimbalRollDegree": "+0.00",
        "GimbalYawDegree": -132.3,
        "GimbalPitchDegree": -60.0,
        "GPSAltitude": "23.9 m Above Sea Level",
        "GPSLatitude": "21 deg 16' 37.82\" N",
        "GPSLongitude": "105 deg 51' 26.61\" E"
    },
    "DJI_0393.JPG": {
        "id": 393,
        "w2c": [
            [
                0.9360531455641525,
                0.3518295706798711,
                -0.004523480371700888,
                0.10057259771003618
            ],
            [
                0.3041552671139719,
                -0.8155439789664354,
                -0.49231858776449167,
                -3.7990100099639945
            ],
            [
                -0.17690133455201495,
                0.45946052231591417,
                -0.8704033239061668,
                -3.031437582411453
            ],
            [
                0.0,
                0.0,
                0.0,
                1.0
            ]
        ],
        "qvec": [
            0.9856276961129465,
            -0.00428568623416421,
            0.0866793832318403,
            0.14493571703046393
        ],
        "tvec": [
            0.10057259771003618,
            -3.7990100099639945,
            -3.031437582411453
        ],
        "camera_id": 1,
        "nerf_name": "frame_00393.JPG",
        "intrinsic_mtx": [
            [
                3683.76961592027,
                0.0,
                2717.2449163448805
            ],
            [
                0.0,
                3683.843637036867,
                1839.1595395965173
            ],
            [
                0.0,
                0.0,
                1.0
            ]
        ],
        "cam_cent": [
            0.5250822539654942,
            -1.7408182585509746,
            -4.50844165278197
        ],
        "euler_angle": [
            -152.17173395553326,
            -10.18932305709388,
            39.58484090957708
        ],
        "Width": 5472,
        "Height": 3648,
        "GPSLatitudeRef": "North",
        "GPSLongitudeRef": "East",
        "GPSAltitudeRef": "Above Sea Level",
        "GPSLongtitude": "105 deg 51' 26.65\" E",
        "GimbalRollDegree": "+0.00",
        "GimbalYawDegree": -118.5,
        "GimbalPitchDegree": -60.0,
        "GPSAltitude": "24 m Above Sea Level",
        "GPSLatitude": "21 deg 16' 37.78\" N",
        "GPSLongitude": "105 deg 51' 26.65\" E"
    },
    "DJI_0391.JPG": {
        "id": 392,
        "w2c": [
            [
                0.9859690934420876,
                -0.16690786741376495,
                -0.0025904772489547755,
                0.2304424721182363
            ],
            [
                -0.1464401522699001,
                -0.8574035568968149,
                -0.4933704717794322,
                -3.9784049683775393
            ],
            [
                0.08012632888231398,
                0.4868273866742504,
                -0.8698154212266895,
                -3.028849793691952
            ],
            [
                0.0,
                0.0,
                0.0,
                1.0
            ]
        ],
        "qvec": [
            0.9955672808985534,
            -0.004742413896298361,
            -0.04250111194191892,
            -0.08376726209204984
        ],
        "tvec": [
            0.2304424721182363,
            -3.9784049683775393,
            -3.028849793691952
        ],
        "camera_id": 1,
        "nerf_name": "frame_00391.JPG",
        "intrinsic_mtx": [
            [
                3683.76961592027,
                0.0,
                2717.2449163448805
            ],
            [
                0.0,
                3683.843637036867,
                1839.1595395965173
            ],
            [
                0.0,
                0.0,
                1.0
            ]
        ],
        "cam_cent": [
            -0.5671167699810143,
            -1.898108879388154,
            -4.596770839329385
        ],
        "euler_angle": [
            -150.76467709471726,
            4.595827158253505,
            -17.493658954351897
        ],
        "Width": 5472,
        "Height": 3648,
        "GPSLatitudeRef": "North",
        "GPSLongitudeRef": "East",
        "GPSAltitudeRef": "Above Sea Level",
        "GPSLongtitude": "105 deg 51' 26.70\" E",
        "GimbalRollDegree": "+0.00",
        "GimbalYawDegree": -88.3,
        "GimbalPitchDegree": -60.0,
        "GPSAltitude": "23.9 m Above Sea Level",
        "GPSLatitude": "21 deg 16' 37.68\" N",
        "GPSLongitude": "105 deg 51' 26.70\" E"
    },
    "DJI_0392.JPG": {
        "id": 391,
        "w2c": [
            [
                0.9975236652517981,
                0.07025476013631206,
                -0.0032872390859348417,
                0.18249806736572435
            ],
            [
                0.05954540036821251,
                -0.8684912715761222,
                -0.4921150846002189,
                -3.8739789699224647
            ],
            [
                -0.03742836568176757,
                0.490700702948631,
                -0.8705239442818972,
                -3.0383477210110788
            ],
            [
                0.0,
                0.0,
                0.0,
                1.0
            ]
        ],
        "qvec": [
            0.99966929471636,
            -0.0041910918039222075,
            0.015939582746754197,
            0.019739950674845182
        ],
        "tvec": [
            0.18249806736572435,
            -3.8739789699224647,
            -3.0383477210110788
        ],
        "camera_id": 1,
        "nerf_name": "frame_00392.JPG",
        "intrinsic_mtx": [
            [
                3683.76961592027,
                0.0,
                2717.2449163448805
            ],
            [
                0.0,
                3683.843637036867,
                1839.1595395965173
            ],
            [
                0.0,
                0.0,
                1.0
            ]
        ],
        "cam_cent": [
            -0.06508890184832603,
            -1.886418917092727,
            -4.550798015937185
        ],
        "euler_angle": [
            -150.5907254693149,
            -2.1449883993676306,
            8.16064517734144
        ],
        "Width": 5472,
        "Height": 3648,
        "GPSLatitudeRef": "North",
        "GPSLongitudeRef": "East",
        "GPSAltitudeRef": "Above Sea Level",
        "GPSLongtitude": "105 deg 51' 26.69\" E",
        "GimbalRollDegree": "+0.00",
        "GimbalYawDegree": -101.9,
        "GimbalPitchDegree": -60.0,
        "GPSAltitude": "24 m Above Sea Level",
        "GPSLatitude": "21 deg 16' 37.73\" N",
        "GPSLongitude": "105 deg 51' 26.69\" E"
    },
    "DJI_0390.JPG": {
        "id": 390,
        "w2c": [
            [
                0.9077620331666556,
                -0.41947735857612595,
                -0.002614724294466016,
                0.25987534502905435
            ],
            [
                -0.36598159929003204,
                -0.7889186454242242,
                -0.4936241889161414,
                -4.077326375097852
            ],
            [
                0.20500136614727754,
                0.44905023832974905,
                -0.8696713881310261,
                -2.9936122579790347
            ],
            [
                0.0,
                0.0,
                0.0,
                1.0
            ]
        ],
        "qvec": [
            0.9744222923530667,
            -0.00461018413057225,
            -0.10656481919695412,
            -0.19779757753116803
        ],
        "tvec": [
            0.25987534502905435,
            -4.077326375097852,
            -2.9936122579790347
        ],
        "camera_id": 1,
        "nerf_name": "frame_00390.JPG",
        "intrinsic_mtx": [
            [
                3683.76961592027,
                0.0,
                2717.2449163448805
            ],
            [
                0.0,
                3683.843637036867,
                1839.1595395965173
            ],
            [
                0.0,
                0.0,
                1.0
            ]
        ],
        "cam_cent": [
            -1.1144367965582627,
            -1.7633846795904669,
            -4.615446350398567
        ],
        "euler_angle": [
            -152.69066973040543,
            11.829579021631746,
            -46.19202308148264
        ],
        "Width": 5472,
        "Height": 3648,
        "GPSLatitudeRef": "North",
        "GPSLongitudeRef": "East",
        "GPSAltitudeRef": "Above Sea Level",
        "GPSLongtitude": "105 deg 51' 26.70\" E",
        "GimbalRollDegree": "+0.00",
        "GimbalYawDegree": -73.1,
        "GimbalPitchDegree": -60.0,
        "GPSAltitude": "24.1 m Above Sea Level",
        "GPSLatitude": "21 deg 16' 37.61\" N",
        "GPSLongitude": "105 deg 51' 26.70\" E"
    },
    "DJI_0389.JPG": {
        "id": 389,
        "w2c": [
            [
                0.7809684019576754,
                -0.6245640204437283,
                -0.002852982797246215,
                0.20880265971967168
            ],
            [
                -0.5443838215552317,
                -0.6784559727913462,
                -0.49329884229812493,
                -4.140242959791345
            ],
            [
                0.3061610850068907,
                0.38680392623513415,
                -0.869855225124554,
                -2.9741733207073926
            ],
            [
                0.0,
                0.0,
                0.0,
                1.0
            ]
        ],
        "qvec": [
            0.9402336190100707,
            -0.0041504753600339755,
            -0.16320158862213585,
            -0.29884570719473663
        ],
        "tvec": [
            0.20880265971967168,
            -4.140242959791345,
            -2.9741733207073926
        ],
        "camera_id": 1,
        "nerf_name": "frame_00389.JPG",
        "intrinsic_mtx": [
            [
                3683.76961592027,
                0.0,
                2717.2449163448805
            ],
            [
                0.0,
                3683.843637036867,
                1839.1595395965173
            ],
            [
                0.0,
                0.0,
                1.0
            ]
        ],
        "cam_cent": [
            -1.5063734332378171,
            -1.5281400184904892,
            -4.628881551945203
        ],
        "euler_angle": [
            -156.02642309139415,
            17.828031198379616,
            -72.90968436644657
        ],
        "Width": 5472,
        "Height": 3648,
        "GPSLatitudeRef": "North",
        "GPSLongitudeRef": "East",
        "GPSAltitudeRef": "Above Sea Level",
        "GPSLongtitude": "105 deg 51' 26.68\" E",
        "GimbalRollDegree": "+0.00",
        "GimbalYawDegree": -59.3,
        "GimbalPitchDegree": -60.0,
        "GPSAltitude": "24.1 m Above Sea Level",
        "GPSLatitude": "21 deg 16' 37.56\" N",
        "GPSLongitude": "105 deg 51' 26.68\" E"
    },
    "DJI_0387.JPG": {
        "id": 388,
        "w2c": [
            [
                0.37632615483982174,
                -0.9264855706664589,
                -0.0017642364698632828,
                0.14250897213945393
            ],
            [
                -0.8068416761285587,
                -0.32679122252540826,
                -0.492152422062929,
                -4.166582623984368
            ],
            [
                0.45539558061704194,
                0.18663328810047874,
                -0.8705072549538408,
                -2.9237770917347854
            ],
            [
                0.0,
                0.0,
                0.0,
                1.0
            ]
        ],
        "qvec": [
            0.8238412380883274,
            -0.0024634797992881988,
            -0.27436729038460433,
            -0.4959860236532687
        ],
        "tvec": [
            0.14250897213945393,
            -4.166582623984368,
            -2.9237770917347854
        ],
        "camera_id": 1,
        "nerf_name": "frame_00387.JPG",
        "intrinsic_mtx": [
            [
                3683.76961592027,
                0.0,
                2717.2449163448805
            ],
            [
                0.0,
                3683.843637036867,
                1839.1595395965173
            ],
            [
                0.0,
                0.0,
                1.0
            ]
        ],
        "cam_cent": [
            -2.0839271952937226,
            -0.6838959907639435,
            -4.595511480816261
        ],
        "euler_angle": [
            -167.89920064596404,
            27.09038946899717,
            -132.5042482281188
        ],
        "Width": 5472,
        "Height": 3648,
        "GPSLatitudeRef": "North",
        "GPSLongitudeRef": "East",
        "GPSAltitudeRef": "Above Sea Level",
        "GPSLongtitude": "105 deg 51' 26.61\" E",
        "GimbalRollDegree": "+0.00",
        "GimbalYawDegree": -29.9,
        "GimbalPitchDegree": -60.0,
        "GPSAltitude": "24.2 m Above Sea Level",
        "GPSLatitude": "21 deg 16' 37.49\" N",
        "GPSLongitude": "105 deg 51' 26.61\" E"
    },
    "DJI_0388.JPG": {
        "id": 387,
        "w2c": [
            [
                0.6106559736801344,
                -0.7918918549197133,
                -0.00256357574181889,
                0.17170778948296303
            ],
            [
                -0.6899317800221786,
                -0.5304363260675814,
                -0.4925763320576369,
                -4.147230383098598
            ],
            [
                0.3887073715845841,
                0.3025633720392201,
                -0.8702654682199339,
                -2.955018826275307
            ],
            [
                0.0,
                0.0,
                0.0,
                1.0
            ]
        ],
        "qvec": [
            0.8928669501749845,
            -0.003353317651475207,
            -0.21702393576095397,
            -0.3945604844035649
        ],
        "tvec": [
            0.17170778948296303,
            -4.147230383098598,
            -2.955018826275307
        ],
        "camera_id": 1,
        "nerf_name": "frame_00388.JPG",
        "intrinsic_mtx": [
            [
                3683.76961592027,
                0.0,
                2717.2449163448805
            ],
            [
                0.0,
                3683.843637036867,
                1839.1595395965173
            ],
            [
                0.0,
                0.0,
                1.0
            ]
        ],
        "cam_cent": [
            -1.8175228268040209,
            -1.1697871873316037,
            -4.614038186828094
        ],
        "euler_angle": [
            -160.82907738616862,
            22.8740921703021,
            -100.2932944815014
        ],
        "Width": 5472,
        "Height": 3648,
        "GPSLatitudeRef": "North",
        "GPSLongitudeRef": "East",
        "GPSAltitudeRef": "Above Sea Level",
        "GPSLongtitude": "105 deg 51' 26.65\" E",
        "GimbalRollDegree": "+0.00",
        "GimbalYawDegree": -45.4,
        "GimbalPitchDegree": -60.0,
        "GPSAltitude": "24.2 m Above Sea Level",
        "GPSLatitude": "21 deg 16' 37.53\" N",
        "GPSLongitude": "105 deg 51' 26.65\" E"
    },
    "DJI_0386.JPG": {
        "id": 386,
        "w2c": [
            [
                0.14301732004256623,
                -0.9897195076414674,
                -0.0011586033717347695,
                0.10024615137552458
            ],
            [
                -0.8615915988964968,
                -0.12392623085084635,
                -0.4922420197606864,
                -4.199129919700894
            ],
            [
                0.4870379480890776,
                0.07139737741005307,
                -0.8704576104671309,
                -2.8705840561168876
            ],
            [
                0.0,
                0.0,
                0.0,
                1.0
            ]
        ],
        "qvec": [
            0.7492987212166309,
            -0.001822952787669568,
            -0.32143462726412264,
            -0.5789886731377648
        ],
        "tvec": [
            0.10024615137552458,
            -4.199129919700894,
            -2.8705840561168876
        ],
        "camera_id": 1,
        "nerf_name": "frame_00386.JPG",
        "intrinsic_mtx": [
            [
                3683.76961592027,
                0.0,
                2717.2449163448805
            ],
            [
                0.0,
                3683.843637036867,
                1839.1595395965173
            ],
            [
                0.0,
                0.0,
                1.0
            ]
        ],
        "cam_cent": [
            -2.234188628895133,
            -0.21621459897735418,
            -4.565593785514658
        ],
        "euler_angle": [
            -175.31093608386368,
            29.146079718442607,
            -162.1005563504408
        ],
        "Width": 5472,
        "Height": 3648,
        "GPSLatitudeRef": "North",
        "GPSLongitudeRef": "East",
        "GPSAltitudeRef": "Above Sea Level",
        "GPSLongtitude": "105 deg 51' 26.56\" E",
        "GimbalRollDegree": "+0.00",
        "GimbalYawDegree": -16.0,
        "GimbalPitchDegree": -60.0,
        "GPSAltitude": "24.3 m Above Sea Level",
        "GPSLatitude": "21 deg 16' 37.46\" N",
        "GPSLongitude": "105 deg 51' 26.56\" E"
    },
    "DJI_0385.JPG": {
        "id": 385,
        "w2c": [
            [
                -0.11388738317638009,
                -0.9934927327116145,
                -0.0013616175841475687,
                0.03100503140758644
            ],
            [
                -0.8637414714901793,
                0.09969057579511778,
                -0.4939761730343051,
                -4.205445157935494
            ],
            [
                0.4908974784832533,
                -0.05508156812262144,
                -0.8694743736717817,
                -2.8035855291246126
            ],
            [
                0.0,
                0.0,
                0.0,
                1.0
            ]
        ],
        "qvec": [
            0.6580159650761832,
            -0.001982719069999826,
            -0.3666341018184411,
            -0.6577161195483456
        ],
        "tvec": [
            0.03100503140758644,
            -4.205445157935494,
            -2.8035855291246126
        ],
        "camera_id": 1,
        "nerf_name": "frame_00385.JPG",
        "intrinsic_mtx": [
            [
                3683.76961592027,
                0.0,
                2717.2449163448805
            ],
            [
                0.0,
                3683.843637036867,
                1839.1595395965173
            ],
            [
                0.0,
                0.0,
                1.0
            ]
        ],
        "cam_cent": [
            -2.2526132401347323,
            0.29562063534023947,
            -4.514993259997555
        ],
        "euler_angle": [
            176.37513223265907,
            29.39958731388454,
            166.24446585624838
        ],
        "Width": 5472,
        "Height": 3648,
        "GPSLatitudeRef": "North",
        "GPSLongitudeRef": "East",
        "GPSAltitudeRef": "Above Sea Level",
        "GPSLongtitude": "105 deg 51' 26.50\" E",
        "GimbalRollDegree": "+0.00",
        "GimbalYawDegree": -1.2,
        "GimbalPitchDegree": -60.0,
        "GPSAltitude": "24.3 m Above Sea Level",
        "GPSLatitude": "21 deg 16' 37.44\" N",
        "GPSLongitude": "105 deg 51' 26.50\" E"
    },
    "DJI_0384.JPG": {
        "id": 384,
        "w2c": [
            [
                -0.3456605307614259,
                -0.9383588601078694,
                -0.00120296749339438,
                -0.03496918442968314
            ],
            [
                -0.8156220881667549,
                0.30108174220160894,
                -0.494075291638174,
                -4.212617322481421
            ],
            [
                0.463982119017783,
                -0.1698011606847987,
                -0.8694182877429387,
                -2.772865741016039
            ],
            [
                0.0,
                0.0,
                0.0,
                1.0
            ]
        ],
        "qvec": [
            0.5636361262954825,
            -0.0013132269873188315,
            -0.4027243002468671,
            -0.7211974282817251
        ],
        "tvec": [
            -0.03496918442968314,
            -4.212617322481421,
            -2.772865741016039
        ],
        "camera_id": 1,
        "nerf_name": "frame_00384.JPG",
        "intrinsic_mtx": [
            [
                3683.76961592027,
                0.0,
                2717.2449163448805
            ],
            [
                0.0,
                3683.843637036867,
                1839.1595395965173
            ],
            [
                0.0,
                0.0,
                1.0
            ]
        ],
        "cam_cent": [
            -2.161431081791561,
            0.7646926973934063,
            -4.492172383652391
        ],
        "euler_angle": [
            168.9489935937236,
            27.644366412851618,
            137.07142715926244
        ],
        "Width": 5472,
        "Height": 3648,
        "GPSLatitudeRef": "North",
        "GPSLongitudeRef": "East",
        "GPSAltitudeRef": "Above Sea Level",
        "GPSLongtitude": "105 deg 51' 26.45\" E",
        "GimbalRollDegree": "+0.00",
        "GimbalYawDegree": "+12.20",
        "GimbalPitchDegree": -60.0,
        "GPSAltitude": "24.3 m Above Sea Level",
        "GPSLatitude": "21 deg 16' 37.44\" N",
        "GPSLongitude": "105 deg 51' 26.45\" E"
    },
    "DJI_0383.JPG": {
        "id": 383,
        "w2c": [
            [
                -0.5610907393728296,
                -0.8277541840147036,
                -0.0004393588569313425,
                -0.13278819322263358
            ],
            [
                -0.7194969654118852,
                0.48797120201658895,
                -0.4941742837962885,
                -4.23864219455694
            ],
            [
                0.4092692255143806,
                -0.27696049691000935,
                -0.8693627460377057,
                -2.7396141848895064
            ],
            [
                0.0,
                0.0,
                0.0,
                1.0
            ]
        ],
        "qvec": [
            -0.45947756520126787,
            0.00032313932652734836,
            0.4336434723575016,
            0.7751345699550622
        ],
        "tvec": [
            -0.13278819322263358,
            -4.23864219455694,
            -2.7396141848895064
        ],
        "camera_id": 1,
        "nerf_name": "frame_00383.JPG",
        "intrinsic_mtx": [
            [
                3683.76961592027,
                0.0,
                2717.2449163448805
            ],
            [
                0.0,
                3683.843637036867,
                1839.1595395965173
            ],
            [
                0.0,
                0.0,
                1.0
            ]
        ],
        "cam_cent": [
            -2.0029566463078203,
            1.1996544380796852,
            -4.476404823292084
        ],
        "euler_angle": [
            162.3292264079384,
            24.15893695530786,
            108.01551603932292
        ],
        "Width": 5472,
        "Height": 3648,
        "GPSLatitudeRef": "North",
        "GPSLongitudeRef": "East",
        "GPSAltitudeRef": "Above Sea Level",
        "GPSLongtitude": "105 deg 51' 26.39\" E",
        "GimbalRollDegree": "+0.00",
        "GimbalYawDegree": "+26.20",
        "GimbalPitchDegree": -60.0,
        "GPSAltitude": "24.3 m Above Sea Level",
        "GPSLatitude": "21 deg 16' 37.44\" N",
        "GPSLongitude": "105 deg 51' 26.39\" E"
    },
    "DJI_0382.JPG": {
        "id": 382,
        "w2c": [
            [
                -0.7621790260997263,
                -0.6473659106435419,
                -0.0007140800619253276,
                -0.2749755358777831
            ],
            [
                -0.562054513483805,
                0.6622838006115043,
                -0.4954542272703582,
                -4.199372861973057
            ],
            [
                0.3212131006764205,
                -0.37722346849612026,
                -0.8686337541044543,
                -2.7125350837446085
            ],
            [
                0.0,
                0.0,
                0.0,
                1.0
            ]
        ],
        "qvec": [
            -0.3353005917071037,
            -9.447279210227193e-05,
            0.4609123001561848,
            0.821664990029692
        ],
        "tvec": [
            -0.2749755358777831,
            -4.199372861973057,
            -2.7125350837446085
        ],
        "camera_id": 1,
        "nerf_name": "frame_00382.JPG",
        "intrinsic_mtx": [
            [
                3683.76961592027,
                0.0,
                2717.2449163448805
            ],
            [
                0.0,
                3683.843637036867,
                1839.1595395965173
            ],
            [
                0.0,
                0.0,
                1.0
            ]
        ],
        "cam_cent": [
            -1.6985552520667526,
            1.5799349383165473,
            -4.43699292382978
        ],
        "euler_angle": [
            156.526035121665,
            18.73630394019726,
            76.90383424530344
        ],
        "Width": 5472,
        "Height": 3648,
        "GPSLatitudeRef": "North",
        "GPSLongitudeRef": "East",
        "GPSAltitudeRef": "Above Sea Level",
        "GPSLongtitude": "105 deg 51' 26.34\" E",
        "GimbalRollDegree": "+0.00",
        "GimbalYawDegree": "+41.60",
        "GimbalPitchDegree": -60.0,
        "GPSAltitude": "24.3 m Above Sea Level",
        "GPSLatitude": "21 deg 16' 37.47\" N",
        "GPSLongitude": "105 deg 51' 26.34\" E"
    },
    "DJI_0381.JPG": {
        "id": 381,
        "w2c": [
            [
                -0.8919961459749703,
                -0.45204170172300123,
                -0.0010841905622191107,
                -0.40279404943363695
            ],
            [
                -0.39182022739058886,
                0.7743551133291623,
                -0.49684108915081676,
                -4.108993251852836
            ],
            [
                0.22543243993132198,
                -0.4427555288919119,
                -0.8678408590647568,
                -2.7379813197577643
            ],
            [
                0.0,
                0.0,
                0.0,
                1.0
            ]
        ],
        "qvec": [
            -0.22251292535084308,
            -0.0004971898345432706,
            0.47793467999755884,
            0.849744780807573
        ],
        "tvec": [
            -0.40279404943363695,
            -4.108993251852836,
            -2.7379813197577643
        ],
        "camera_id": 1,
        "nerf_name": "frame_00381.JPG",
        "intrinsic_mtx": [
            [
                3683.76961592027,
                0.0,
                2717.2449163448805
            ],
            [
                0.0,
                3683.843637036867,
                1839.1595395965173
            ],
            [
                0.0,
                0.0,
                1.0
            ]
        ],
        "cam_cent": [
            -1.3520476006044517,
            1.7874838603318564,
            -4.418085448712668
        ],
        "euler_angle": [
            152.97020942875392,
            13.02830848128757,
            50.8223747284378
        ],
        "Width": 5472,
        "Height": 3648,
        "GPSLatitudeRef": "North",
        "GPSLongitudeRef": "East",
        "GPSAltitudeRef": "Above Sea Level",
        "GPSLongtitude": "105 deg 51' 26.31\" E",
        "GimbalRollDegree": "+0.00",
        "GimbalYawDegree": "+55.00",
        "GimbalPitchDegree": -60.0,
        "GPSAltitude": "24.2 m Above Sea Level",
        "GPSLatitude": "21 deg 16' 37.50\" N",
        "GPSLongitude": "105 deg 51' 26.31\" E"
    },
    "DJI_0380.JPG": {
        "id": 380,
        "w2c": [
            [
                -0.9733302323576248,
                -0.2294051443354669,
                -0.0012403753768360857,
                -0.4452476099673891
            ],
            [
                -0.19847022703956724,
                0.844765293267516,
                -0.4969719994823756,
                -4.007919883638528
            ],
            [
                0.11505575934091464,
                -0.48347169414875935,
                -0.8677656902640335,
                -2.771790099272836
            ],
            [
                0.0,
                0.0,
                0.0,
                1.0
            ]
        ],
        "qvec": [
            -0.10540486267320605,
            -0.0012584882068304851,
            0.48788716170117974,
            0.8665185217751797
        ],
        "tvec": [
            -0.4452476099673891,
            -4.007919883638528,
            -2.771790099272836
        ],
        "camera_id": 1,
        "nerf_name": "frame_00380.JPG",
        "intrinsic_mtx": [
            [
                3683.76961592027,
                0.0,
                2717.2449163448805
            ],
            [
                0.0,
                3683.843637036867,
                1839.1595395965173
            ],
            [
                0.0,
                0.0,
                1.0
            ]
        ],
        "cam_cent": [
            -0.9099153143229054,
            1.9435274685448247,
            -4.397640581271514
        ],
        "euler_angle": [
            150.87583373323992,
            6.606841171411502,
            25.054250477019302
        ],
        "Width": 5472,
        "Height": 3648,
        "GPSLatitudeRef": "North",
        "GPSLongitudeRef": "East",
        "GPSAltitudeRef": "Above Sea Level",
        "GPSLongtitude": "105 deg 51' 26.28\" E",
        "GimbalRollDegree": "+0.00",
        "GimbalYawDegree": "+68.60",
        "GimbalPitchDegree": -60.0,
        "GPSAltitude": "24.3 m Above Sea Level",
        "GPSLatitude": "21 deg 16' 37.54\" N",
        "GPSLongitude": "105 deg 51' 26.28\" E"
    },
    "DJI_0379.JPG": {
        "id": 379,
        "w2c": [
            [
                -0.9987176235893669,
                0.05059567194361675,
                -0.001785024532240702,
                -0.4525481742448904
            ],
            [
                0.04474836886996268,
                0.8657078183172863,
                -0.49854544104605136,
                -3.925641186457988
            ],
            [
                -0.0236789318907028,
                -0.4979859950690362,
                -0.8668617288239328,
                -2.7632043375608593
            ],
            [
                0.0,
                0.0,
                0.0,
                1.0
            ]
        ],
        "qvec": [
            0.03542945876966882,
            -0.002008706004992539,
            0.4915092059988657,
            0.8701490785893174
        ],
        "tvec": [
            -0.4525481742448904,
            -3.925641186457988,
            -2.7632043375608593
        ],
        "camera_id": 1,
        "nerf_name": "frame_00379.JPG",
        "intrinsic_mtx": [
            [
                3683.76961592027,
                0.0,
