{
    "DJI_20240919131348_0392_V.JPG": {
        "id": 392,
        "w2c": [
            [
                -0.8508722384275509,
                0.5253680854306702,
                -0.00212457174197725,
                0.19065147852655548
            ],
            [
                0.014338765702758546,
                0.019051787288218058,
                -0.99971685192791,
                -1.2017577981985252
            ],
            [
                -0.5251768976551418,
                -0.8506618045369684,
                -0.023702215243491462,
                3.857552354319047
            ],
            [
                0.0,
                0.0,
                0.0,
                1.0
            ]
        ],
        "qvec": [
            -0.07367419762029145,
            0.046879855023118824,
            0.8955344107594235,
            0.43633990299282727
        ],
        "tvec": [
            0.19065147852655548,
            -1.2017577981985252,
            3.857552354319047
        ],
        "camera_id": 1,
        "nerf_name": "frame_00392.JPG",
        "intrinsic_mtx": [
            [
                3719.161069780525,
                0.0,
                2649.1312247908563
            ],
            [
                0.0,
                3720.2105417506705,
                1947.7023513072875
            ],
            [
                0.0,
                0.0,
                1.0
            ]
        ],
        "cam_cent": [
            2.2052615572075056,
            3.204205573946883,
            -1.1094053523805605
        ],
        "euler_angle": [
            91.59682197165489,
            -31.682430731388145,
            -32.53120329637042
        ],
        "take_date": "2024_09_19",
        "Width": 5280,
        "Height": 3956,
        "GPSLatitudeRef": "North",
        "GPSLongitudeRef": "East",
        "GPSAltitudeRef": "Above Sea Level",
        "GimbalRollDegree": "+0.00",
        "GimbalYawDegree": "+122.80",
        "GimbalPitchDegree": -1.6,
        "GPSAltitude": "10 m Above Sea Level",
        "GPSLatitude": "21 deg 0' 46.35\" N",
        "GPSLongitude": "105 deg 42' 33.65\" E"
    },
    "DJI_20240919131347_0391_V.JPG": {
        "id": 391,
        "w2c": [
            [
                -0.8491818087499285,
                0.5280982203773741,
                -0.0015207414638119638,
                0.17940649626142924
            ],
            [
                0.013384122738744075,
                0.018515593704965926,
                -0.9997400871840534,
                -1.6533659490166925
            ],
            [
                -0.5279309245592474,
                -0.8489814744210012,
                -0.02274946733020806,
                3.8531721267587615
            ],
            [
                0.0,
                0.0,
                0.0,
                1.0
            ]
        ],
        "qvec": [
            -0.0723233152521473,
            0.0459747594618494,
            0.8958734874861382,
            0.43596600094822524
        ],
        "tvec": [
            0.17940649626142924,
            -1.6533659490166925,
            3.8531721267587615
        ],
        "camera_id": 1,
        "nerf_name": "frame_00391.JPG",
        "intrinsic_mtx": [
            [
                3719.161069780525,
                0.0,
                2649.1312247908563
            ],
            [
                0.0,
                3720.2105417506705,
                1947.7023513072875
            ],
            [
                0.0,
                0.0,
                1.0
            ]
        ],
        "cam_cent": [
            2.208562685775594,
            3.2071402466691783,
            -1.5648308887946778
        ],
        "euler_angle": [
            91.53573443403222,
            -31.86803948772779,
            -32.688223381942095
        ],
        "take_date": "2024_09_19",
        "Width": 5280,
        "Height": 3956,
        "GPSLatitudeRef": "North",
        "GPSLongitudeRef": "East",
        "GPSAltitudeRef": "Above Sea Level",
        "GimbalRollDegree": "+0.00",
        "GimbalYawDegree": "+122.90",
        "GimbalPitchDegree": -1.6,
        "GPSAltitude": "9 m Above Sea Level",
        "GPSLatitude": "21 deg 0' 46.35\" N",
        "GPSLongitude": "105 deg 42' 33.65\" E"
    },
    "DJI_20240919131346_0390_V.JPG": {
        "id": 390,
        "w2c": [
            [
                -0.8487677243922064,
                0.5287622277203022,
                -0.0018957238980158906,
                0.17914920178615534
            ],
            [
                0.013467375521405762,
                0.017906537763913568,
                -0.9997500701470493,
                -1.6509543804106916
            ],
            [
                -0.5285942867511046,
                -0.8485811475207466,
                -0.022277708882627232,
                3.8413342998345765
            ],
            [
                0.0,
                0.0,
                0.0,
                1.0
            ]
        ],
        "qvec": [
            -0.07188021763919751,
            0.0459989893373632,
            0.8959954901665115,
            0.43578596683848797
        ],
        "tvec": [
            0.17914920178615534,
            -1.6509543804106916,
            3.8413342998345765
        ],
        "camera_id": 1,
        "nerf_name": "frame_00390.JPG",
        "intrinsic_mtx": [
            [
                3719.161069780525,
                0.0,
                2649.1312247908563
            ],
            [
                0.0,
                3720.2105417506705,
                1947.7023513072875
            ],
            [
                0.0,
                0.0,
                1.0
            ]
        ],
        "cam_cent": [
            2.204673853580656,
            3.1945191078661326,
            -1.564451435797045
        ],
        "euler_angle": [
            91.50462812126234,
            -31.912803096223485,
            -32.71719035857162
        ],
        "take_date": "2024_09_19",
        "Width": 5280,
        "Height": 3956,
        "GPSLatitudeRef": "North",
        "GPSLongitudeRef": "East",
        "GPSAltitudeRef": "Above Sea Level",
        "GimbalRollDegree": "+0.00",
        "GimbalYawDegree": "+122.90",
        "GimbalPitchDegree": -1.6,
        "GPSAltitude": "8.9 m Above Sea Level",
        "GPSLatitude": "21 deg 0' 46.35\" N",
        "GPSLongitude": "105 deg 42' 33.65\" E"
    },
    "DJI_20240919131345_0389_V.JPG": {
        "id": 389,
        "w2c": [
            [
                -0.8514320504367299,
                0.5244619285821058,
                -0.0017059062743673976,
                0.13623063441634078
            ],
            [
                0.012962190590573805,
                0.01766303859690456,
                -0.9997610393741752,
                -1.6309678639198977
            ],
            [
                -0.5243046683594061,
                -0.8512507292340583,
                -0.021795570064543593,
                3.811952267216972
            ],
            [
                0.0,
                0.0,
                0.0,
                1.0
            ]
        ],
        "qvec": [
            -0.07419863524675278,
            0.04698197746210848,
            0.895921001962005,
            0.4354455357041409
        ],
        "tvec": [
            0.13623063441634078,
            -1.6309678639198977,
            3.811952267216972
        ],
        "camera_id": 1,
        "nerf_name": "frame_00389.JPG",
        "intrinsic_mtx": [
            [
                3719.161069780525,
                0.0,
                2649.1312247908563
            ],
            [
                0.0,
                3720.2105417506705,
                1947.7023513072875
            ],
            [
                0.0,
                0.0,
                1.0
            ]
        ],
        "cam_cent": [
            2.135634189415223,
            3.2022869065848956,
            -1.547092943593591
        ],
        "euler_angle": [
            91.46747354794333,
            -31.623722688348014,
            -32.40168965978882
        ],
        "take_date": "2024_09_19",
        "Width": 5280,
        "Height": 3956,
        "GPSLatitudeRef": "North",
        "GPSLongitudeRef": "East",
        "GPSAltitudeRef": "Above Sea Level",
        "GimbalRollDegree": "+0.00",
        "GimbalYawDegree": "+122.60",
        "GimbalPitchDegree": -1.6,
        "GPSAltitude": "9 m Above Sea Level",
        "GPSLatitude": "21 deg 0' 46.35\" N",
        "GPSLongitude": "105 deg 42' 33.65\" E"
    },
    "DJI_20240919131344_0388_V.JPG": {
        "id": 388,
        "w2c": [
            [
                -0.8164964734755432,
                0.5773480295784165,
                -0.0015988552251557035,
                -0.11608453652189286
            ],
            [
                0.013723227119583523,
                0.016527131291533662,
                -0.9997703658958776,
                -1.6343331666963115
            ],
            [
                -0.5771872503778067,
                -0.8163309427917367,
                -0.02137175658616921,
                3.7478280056221873
            ],
            [
                0.0,
                0.0,
                0.0,
                1.0
            ]
        ],
        "qvec": [
            -0.04548677808608386,
            0.033745629741001704,
            0.8979073850182957,
            0.4365255014570587
        ],
        "tvec": [
            -0.11608453652189286,
            -1.6343331666963115,
            3.7478280056221873
        ],
        "camera_id": 1,
        "nerf_name": "frame_00388.JPG",
        "intrinsic_mtx": [
            [
                3719.161069780525,
                0.0,
                2649.1312247908563
            ],
            [
                0.0,
                3720.2105417506705,
                1947.7023513072875
            ],
            [
                0.0,
                0.0,
                1.0
            ]
        ],
        "cam_cent": [
            2.0907214872174955,
            3.153499683095154,
            -1.5538802414902766
        ],
        "euler_angle": [
            91.50059317012895,
            -35.255230449911714,
            -36.130798393284934
        ],
        "take_date": "2024_09_19",
        "Width": 5280,
        "Height": 3956,
        "GPSLatitudeRef": "North",
        "GPSLongitudeRef": "East",
        "GPSAltitudeRef": "Above Sea Level",
        "GimbalRollDegree": "+0.00",
        "GimbalYawDegree": "+126.20",
        "GimbalPitchDegree": -1.6,
        "GPSAltitude": "9 m Above Sea Level",
        "GPSLatitude": "21 deg 0' 46.35\" N",
        "GPSLongitude": "105 deg 42' 33.65\" E"
    },
    "DJI_20240919131343_0387_V.JPG": {
        "id": 387,
        "w2c": [
            [
                -0.7172301773616191,
                0.696831157066782,
                -0.0026343576739783032,
                -0.08046873209898255
            ],
            [
                0.017140131088853025,
                0.013780924766918312,
                -0.9997595210840499,
                -1.644916324714353
            ],
            [
                -0.6966254580097864,
                -0.7171028699842108,
                -0.021772758268603355,
                3.757845005361824
            ],
            [
                0.0,
                0.0,
                0.0,
                1.0
            ]
        ],
        "qvec": [
            0.02531961276690167,
            0.0017180701713867463,
            0.8986369626445311,
            0.4379584167626327
        ],
        "tvec": [
            -0.08046873209898255,
            -1.644916324714353,
            3.757845005361824
        ],
        "camera_id": 1,
        "nerf_name": "frame_00387.JPG",
        "intrinsic_mtx": [
            [
                3719.161069780525,
                0.0,
                2649.1312247908563
            ],
            [
                0.0,
                3720.2105417506705,
                1947.7023513072875
            ],
            [
                0.0,
                0.0,
                1.0
            ]
        ],
        "cam_cent": [
            2.588166538293215,
            2.7735027673334094,
            -1.5627091765994972
        ],
        "euler_angle": [
            91.74042617259633,
            -44.15917652497985,
            -45.385056845854166
        ],
        "take_date": "2024_09_19",
        "Width": 5280,
        "Height": 3956,
        "GPSLatitudeRef": "North",
        "GPSLongitudeRef": "East",
        "GPSAltitudeRef": "Above Sea Level",
        "GimbalRollDegree": "+0.00",
        "GimbalYawDegree": "+135.10",
        "GimbalPitchDegree": -1.6,
        "GPSAltitude": "9 m Above Sea Level",
        "GPSLatitude": "21 deg 0' 46.38\" N",
        "GPSLongitude": "105 deg 42' 33.69\" E"
    },
    "DJI_20240919131342_0386_V.JPG": {
        "id": 386,
        "w2c": [
            [
                -0.558544193506883,
                0.829468911679014,
                -0.0030816758551512843,
                -0.21361647316682475
            ],
            [
                0.0201442451714896,
                0.00979708704431393,
                -0.9997507187096346,
                -1.6400810964961239
            ],
            [
                -0.8292300847445687,
                -0.5584670474876137,
                -0.022115527456505236,
                3.7239978323904768
            ],
            [
                0.0,
                0.0,
                0.0,
                1.0
            ]
        ],
        "qvec": [
            0.11917605781816634,
            -0.04133118858073658,
            0.8912521747055814,
            0.43561262742945894
        ],
        "tvec": [
            -0.21361647316682475,
            -1.6400810964961239,
            3.7239978323904768
        ],
        "camera_id": 1,
        "nerf_name": "frame_00386.JPG",
        "intrinsic_mtx": [
            [
                3719.161069780525,
                0.0,
                2649.1312247908563
            ],
            [
                0.0,
                3720.2105417506705,
                1947.7023513072875
            ],
            [
                0.0,
                0.0,
                1.0
            ]
        ],
        "cam_cent": [
            3.001651967118763,
            2.272986112199061,
            -1.5577347546889644
        ],
        "euler_angle": [
            92.27002977030244,
            -56.02204101823517,
            -57.92561982931186
        ],
        "take_date": "2024_09_19",
        "Width": 5280,
        "Height": 3956,
        "GPSLatitudeRef": "North",
        "GPSLongitudeRef": "East",
        "GPSAltitudeRef": "Above Sea Level",
        "GimbalRollDegree": "+0.00",
        "GimbalYawDegree": "+147.00",
        "GimbalPitchDegree": -1.6,
        "GPSAltitude": "9 m Above Sea Level",
        "GPSLatitude": "21 deg 0' 46.41\" N",
        "GPSLongitude": "105 deg 42' 33.73\" E"
    },
    "DJI_20240919131341_0385_V.JPG": {
        "id": 385,
        "w2c": [
            [
                -0.3347750438037527,
                0.9422929765863044,
                -0.003089202735840674,
                -0.4807989894510383
            ],
            [
                0.02218007880309686,
                0.004574432018081074,
                -0.9997453244228073,
                -1.6328032819851201
            ],
            [
                -0.9420369707764937,
                -0.3347583043538871,
                -0.022357011481395784,
                3.65200414909161
            ],
            [
                0.0,
                0.0,
                0.0,
                1.0
            ]
        ],
        "qvec": [
            0.23108870156105574,
            -0.09312005992308957,
            0.8695302105952821,
            0.42643156463009413
        ],
        "tvec": [
            -0.4807989894510383,
            -1.6328032819851201,
            3.65200414909161
        ],
        "camera_id": 1,
        "nerf_name": "frame_00385.JPG",
        "intrinsic_mtx": [
            [
                3719.161069780525,
                0.0,
                2649.1312247908563
            ],
            [
                0.0,
                3720.2105417506705,
                1947.7023513072875
            ],
            [
                0.0,
                0.0,
                1.0
            ]
        ],
        "cam_cent": [
            3.3154565707696526,
            1.6830612358366697,
            -1.5519623916894865
        ],
        "euler_angle": [
            93.82601553352919,
            -70.39887385148808,
            -74.04414370030295
        ],
        "take_date": "2024_09_19",
        "Width": 5280,
        "Height": 3956,
        "GPSLatitudeRef": "North",
        "GPSLongitudeRef": "East",
        "GPSAltitudeRef": "Above Sea Level",
        "GimbalRollDegree": "+0.00",
        "GimbalYawDegree": "+161.30",
        "GimbalPitchDegree": -1.6,
        "GPSAltitude": "9 m Above Sea Level",
        "GPSLatitude": "21 deg 0' 46.44\" N",
        "GPSLongitude": "105 deg 42' 33.77\" E"
    },
    "DJI_20240919131340_0384_V.JPG": {
        "id": 384,
        "w2c": [
            [
                -0.09433537149990627,
                0.9955353866492814,
                -0.0031916003165233004,
                -0.7369888771500642
            ],
            [
                0.023799688414427922,
                -0.0009572713787607399,
                -0.999718215053081,
                -1.6273036412201631
            ],
            [
                -0.9952559232049909,
                -0.0943847394795767,
                -0.023524392015263,
                3.5657647352094526
            ],
            [
                0.0,
                0.0,
                0.0,
                1.0
            ]
        ],
        "qvec": [
            0.33761218211196503,
            -0.142359602396958,
            0.8346522514860775,
            0.41122667372654614
        ],
        "tvec": [
            -0.7369888771500642,
            -1.6273036412201631,
            3.5657647352094526
        ],
        "camera_id": 1,
        "nerf_name": "frame_00384.JPG",
        "intrinsic_mtx": [
            [
                3719.161069780525,
                0.0,
                2649.1312247908563
            ],
            [
                0.0,
                3720.2105417506705,
                1947.7023513072875
            ],
            [
                0.0,
                0.0,
                1.0
            ]
        ],
        "cam_cent": [
            3.517931668256849,
            1.0686944368943951,
            -1.5450363622388028
        ],
        "euler_angle": [
            104.02115926239202,
            -84.41949246413412,
            -98.54206318490368
        ],
        "take_date": "2024_09_19",
        "Width": 5280,
        "Height": 3956,
        "GPSLatitudeRef": "North",
        "GPSLongitudeRef": "East",
        "GPSAltitudeRef": "Above Sea Level",
        "GimbalRollDegree": "+0.00",
        "GimbalYawDegree": "+175.30",
        "GimbalPitchDegree": -1.6,
        "GPSAltitude": "9 m Above Sea Level",
        "GPSLatitude": "21 deg 0' 46.45\" N",
        "GPSLongitude": "105 deg 42' 33.82\" E"
    },
    "DJI_20240919131339_0383_V.JPG": {
        "id": 383,
        "w2c": [
            [
                0.06033804429696122,
                0.998175299009272,
                -0.002348340216631077,
                -0.6525829220153788
            ],
            [
                0.02342785302165962,
                -0.0037633596812095124,
                -0.9997203434144737,
                -1.6348037581473445
            ],
            [
                -0.9979029994305467,
                0.06026616843399651,
                -0.02353323400343288,
                3.477626953390123
            ],
            [
                0.0,
                0.0,
                0.0,
                1.0
            ]
        ],
        "qvec": [
            0.40169548898440827,
            -0.1726385515768501,
            0.8063274882738447,
            0.39833735236984424
        ],
        "tvec": [
            -0.6525829220153788,
            -1.6348037581473445,
            3.477626953390123
        ],
        "camera_id": 1,
        "nerf_name": "frame_00383.JPG",
        "intrinsic_mtx": [
            [
                3719.161069780525,
                0.0,
                2649.1312247908563
            ],
            [
                0.0,
                3720.2105417506705,
                1947.7023513072875
            ],
            [
                0.0,
                0.0,
                1.0
            ]
        ],
        "cam_cent": [
            3.5478871858078094,
            0.43565653734553167,
            -1.5537584296454783
        ],
        "euler_angle": [
            -111.37290424125798,
            -86.29172154401196,
            107.87828751328945
        ],
        "take_date": "2024_09_19",
        "Width": 5280,
        "Height": 3956,
        "GPSLatitudeRef": "North",
        "GPSLongitudeRef": "East",
        "GPSAltitudeRef": "Above Sea Level",
        "GimbalRollDegree": "+0.00",
        "GimbalYawDegree": -175.8,
        "GimbalPitchDegree": -1.6,
        "GPSAltitude": "9 m Above Sea Level",
        "GPSLatitude": "21 deg 0' 46.45\" N",
        "GPSLongitude": "105 deg 42' 33.88\" E"
    },
    "DJI_20240919131338_0382_V.JPG": {
        "id": 382,
        "w2c": [
            [
                0.2183783893825377,
                0.9758615168150013,
                -0.0023124094571758615,
                -0.5566347732918183
            ],
            [
                0.02245877252159649,
                -0.007377069354021989,
                -0.9997223721027171,
                -1.6098874310069236
            ],
            [
                -0.9756056696979473,
                0.21826584784002626,
                -0.02345046526202942,
                3.3870232650859737
            ],
            [
                0.0,
                0.0,
                0.0,
                1.0
            ]
        ],
        "qvec": [
            0.46544539288440046,
            -0.20246226133041165,
            0.7721186378581639,
            0.38236426094983816
        ],
        "tvec": [
            -0.5566347732918183,
            -1.6098874310069236,
            3.3870232650859737
        ],
        "camera_id": 1,
        "nerf_name": "frame_00382.JPG",
        "intrinsic_mtx": [
            [
                3719.161069780525,
                0.0,
                2649.1312247908563
            ],
            [
                0.0,
                3720.2105417506705,
                1947.7023513072875
            ],
            [
                0.0,
                0.0,
                1.0
            ]
        ],
        "cam_cent": [
            3.4619912856900688,
            -0.2079492469590931,
            -1.5310263558607895
        ],
        "euler_angle": [
            -96.14158184522209,
            -77.32099638504621,
            83.38435666223437
        ],
        "take_date": "2024_09_19",
        "Width": 5280,
        "Height": 3956,
        "GPSLatitudeRef": "North",
        "GPSLongitudeRef": "East",
        "GPSAltitudeRef": "Above Sea Level",
        "GimbalRollDegree": "+0.00",
        "GimbalYawDegree": -166.7,
        "GimbalPitchDegree": -1.6,
        "GPSAltitude": "9 m Above Sea Level",
        "GPSLatitude": "21 deg 0' 46.45\" N",
        "GPSLongitude": "105 deg 42' 33.93\" E"
    },
    "DJI_20240919131337_0381_V.JPG": {
        "id": 381,
        "w2c": [
            [
                0.3447864329266832,
                0.9386792510738415,
                -0.001938730439525373,
                -0.39418568806488
            ],
            [
                0.021566185826658153,
                -0.009957223543600366,
                -0.9997195861878143,
                -1.6146472664381208
            ],
            [
                -0.9384333516333762,
                0.3446479635639955,
                -0.023602609134051475,
                3.2947112760782273
            ],
            [
                0.0,
                0.0,
                0.0,
                1.0
            ]
        ],
        "qvec": [
            0.5158002777278703,
            -0.2261848519821377,
            0.7400839215983042,
            0.36751363950382254
        ],
        "tvec": [
            -0.39418568806488,
            -1.6146472664381208,
            3.2947112760782273
        ],
        "camera_id": 1,
        "nerf_name": "frame_00381.JPG",
        "intrinsic_mtx": [
            [
                3719.161069780525,
                0.0,
                2649.1312247908563
            ],
            [
                0.0,
                3720.2105417506705,
                1947.7023513072875
            ],
            [
                0.0,
                0.0,
                1.0
            ]
        ],
        "cam_cent": [
            3.262477203223246,
            -0.7815788987157448,
            -1.5369366992856333
        ],
        "euler_angle": [
            -93.92265460590173,
            -69.79246536267983,
            73.5178800170608
        ],
        "take_date": "2024_09_19",
        "Width": 5280,
        "Height": 3956,
        "GPSLatitudeRef": "North",
        "GPSLongitudeRef": "East",
        "GPSAltitudeRef": "Above Sea Level",
        "GimbalRollDegree": "+0.00",
        "GimbalYawDegree": -159.2,
        "GimbalPitchDegree": -1.6,
        "GPSAltitude": "9 m Above Sea Level",
        "GPSLatitude": "21 deg 0' 46.43\" N",
        "GPSLongitude": "105 deg 42' 33.97\" E"
    },
    "DJI_20240919131336_0380_V.JPG": {
        "id": 380,
        "w2c": [
            [
                0.4033431352582675,
                0.9150488360462163,
                -0.00012715431153804561,
                -0.024144475670965546
            ],
            [
                0.021239410249455738,
                -0.009466146539059684,
                -0.9997313266871768,
                -1.5973087322431472
            ],
            [
                -0.9148022424827968,
                0.4032320934725061,
                -0.023180835042445332,
                3.2135952854511554
            ],
            [
                0.0,
                0.0,
                0.0,
                1.0
            ]
        ],
        "qvec": [
            0.5388022422536849,
            -0.2379287890420195,
            0.7234748470452093,
            0.3600919060188812
        ],
        "tvec": [
            -0.024144475670965546,
            -1.5973087322431472,
            3.2135952854511554
        ],
        "camera_id": 1,
        "nerf_name": "frame_00380.JPG",
        "intrinsic_mtx": [
            [
                3719.161069780525,
                0.0,
                2649.1312247908563
            ],
            [
                0.0,
                3720.2105417506705,
                1947.7023513072875
            ],
            [
                0.0,
                0.0,
                1.0
            ]
        ],
        "cam_cent": [
            2.9833483216411114,
            -1.2888515801176428,
            -1.5221526772007004
        ],
        "euler_angle": [
            -93.29410592751735,
            -66.18000249726941,
            69.22903951435603
        ],
        "take_date": "2024_09_19",
        "Width": 5280,
        "Height": 3956,
        "GPSLatitudeRef": "North",
        "GPSLongitudeRef": "East",
        "GPSAltitudeRef": "Above Sea Level",
        "GimbalRollDegree": "+0.00",
        "GimbalYawDegree": -155.6,
        "GimbalPitchDegree": -1.6,
        "GPSAltitude": "9 m Above Sea Level",
        "GPSLatitude": "21 deg 0' 46.41\" N",
        "GPSLongitude": "105 deg 42' 34.02\" E"
    },
    "DJI_20240919131335_0379_V.JPG": {
        "id": 379,
        "w2c": [
            [
                0.5992045484922588,
                0.8005954476778966,
                0.0008853348559220585,
                -0.17237702294318505
            ],
            [
                0.019181925089622687,
                -0.013191941651302259,
                -0.9997305371857851,
                -1.6073700544128526
            ],
            [
                -0.8003661055887566,
                0.5990600999223299,
                -0.023198319801254166,
                3.133982768431946
            ],
            [
                0.0,
                0.0,
                0.0,
                1.0
            ]
        ],
        "qvec": [
            0.6181502137963049,
            -0.2756630801899728,
            0.6581896561651105,
            0.3296764412587184
        ],
        "tvec": [
            -0.17237702294318505,
            -1.6073700544128526,
            3.133982768431946
        ],
        "camera_id": 1,
        "nerf_name": "frame_00379.JPG",
        "intrinsic_mtx": [
            [
                3719.161069780525,
                0.0,
                2649.1312247908563
            ],
            [
                0.0,
                3720.2105417506705,
                1947.7023513072875
            ],
            [
                0.0,
                0.0,
                1.0
            ]
        ],
        "cam_cent": [
            2.6423339223105318,
            -1.7606439003263274,
            -1.533872012920744
        ],
        "euler_angle": [
            -92.21964230741446,
            -53.16738027398624,
            54.96491215363531
        ],
        "take_date": "2024_09_19",
        "Width": 5280,
        "Height": 3956,
        "GPSLatitudeRef": "North",
        "GPSLongitudeRef": "East",
        "GPSAltitudeRef": "Above Sea Level",
        "GimbalRollDegree": "+0.00",
        "GimbalYawDegree": -142.6,
        "GimbalPitchDegree": -1.6,
        "GPSAltitude": "9 m Above Sea Level",
        "GPSLatitude": "21 deg 0' 46.38\" N",
        "GPSLongitude": "105 deg 42' 34.05\" E"
    },
    "DJI_20240919131334_0378_V.JPG": {
        "id": 378,
        "w2c": [
            [
                0.75640900181752,
                0.6540965628330903,
                0.001702397835925391,
                -0.2871037706719525
            ],
            [
                0.016874762365665805,
                -0.016820884401422556,
                -0.9997174879901327,
                -1.6109684340399324
            ],
            [
                -0.6538811853263502,
                0.7562240711746387,
                -0.023709468351137495,
                3.0377037837569483
            ],
            [
                0.0,
                0.0,
                0.0,
                1.0
            ]
        ],
        "qvec": [
            0.6860812168792777,
            -0.30784744527295316,
            0.5884296563279962,
            0.29710781517503354
        ],
        "tvec": [
            -0.2871037706719525,
            -1.6109684340399324,
            3.0377037837569483
        ],
        "camera_id": 1,
        "nerf_name": "frame_00378.JPG",
        "intrinsic_mtx": [
            [
                3719.161069780525,
                0.0,
                2649.1312247908563
            ],
            [
                0.0,
                3720.2105417506705,
                1947.7023513072875
            ],
            [
                0.0,
                0.0,
                1.0
            ]
        ],
        "cam_cent": [
            2.230528385639887,
            -2.1364888113375438,
            -1.5378256204688097
        ],
        "euler_angle": [
            -91.79694182604716,
            -40.83715542676544,
            42.02636013107788
        ],
        "take_date": "2024_09_19",
        "Width": 5280,
        "Height": 3956,
        "GPSLatitudeRef": "North",
        "GPSLongitudeRef": "East",
        "GPSAltitudeRef": "Above Sea Level",
        "GimbalRollDegree": "+0.00",
        "GimbalYawDegree": -130.4,
        "GimbalPitchDegree": -1.6,
        "GPSAltitude": "9 m Above Sea Level",
        "GPSLatitude": "21 deg 0' 46.35\" N",
        "GPSLongitude": "105 deg 42' 34.08\" E"
    },
    "DJI_20240919131333_0377_V.JPG": {
        "id": 377,
        "w2c": [
            [
                0.8723543087571575,
                0.48887063826528243,
                0.0017822764958031108,
                -0.3674081645692271
            ],
            [
                0.01315646605708932,
                -0.019690952959035463,
                -0.9997206315595533,
                -1.6091973546027447
            ],
            [
                -0.4886970508944966,
                0.8721340876836052,
                -0.023570642032983088,
                2.935289245191356
            ],
            [
                0.0,
                0.0,
                0.0,
                1.0
            ]
        ],
        "qvec": [
            0.7426789268182419,
            -0.3347991371857869,
            0.5168921071286057,
            0.2629830773793387
        ],
        "tvec": [
            -0.3674081645692271,
            -1.6091973546027447,
            2.935289245191356
        ],
        "camera_id": 1,
        "nerf_name": "frame_00377.JPG",
        "intrinsic_mtx": [
            [
                3719.161069780525,
                0.0,
                2649.1312247908563
            ],
            [
                0.0,
                3720.2105417506705,
                1947.7023513072875
            ],
            [
                0.0,
                0.0,
                1.0
            ]
        ],
        "cam_cent": [
            1.77602698725905,
            -2.4120371157885834,
            -1.5387656890167094
        ],
        "euler_angle": [
            -91.54882641234464,
            -29.257253950284667,
            30.023282802611394
        ],
        "take_date": "2024_09_19",
        "Width": 5280,
        "Height": 3956,
        "GPSLatitudeRef": "North",
        "GPSLongitudeRef": "East",
        "GPSAltitudeRef": "Above Sea Level",
        "GimbalRollDegree": "+0.00",
        "GimbalYawDegree": -118.8,
        "GimbalPitchDegree": -1.6,
        "GPSAltitude": "9 m Above Sea Level",
        "GPSLatitude": "21 deg 0' 46.32\" N",
        "GPSLongitude": "105 deg 42' 34.11\" E"
    },
    "DJI_20240919131332_0376_V.JPG": {
        "id": 376,
        "w2c": [
            [
                0.9348507734499969,
                0.35503514016123267,
                0.0019342687849839286,
                -0.2611612922764746
            ],
            [
                0.010097597348927572,
                -0.02093331601778396,
                -0.9997307229300884,
                -1.6070526221094088
            ],
            [
                -0.3548971823880675,
                0.9346186104595003,
                -0.02312645833535299,
                2.8655797300975188
            ],
            [
                0.0,
                0.0,
                0.0,
                1.0
            ]
        ],
        "qvec": [
            0.7792211812548349,
            -0.352512830182598,
            0.46121833529312783,
            0.23627674966003437
        ],
        "tvec": [
            -0.2611612922764746,
            -1.6070526221094088,
            2.8655797300975188
        ],
        "camera_id": 1,
        "nerf_name": "frame_00376.JPG",
        "intrinsic_mtx": [
            [
                3719.161069780525,
                0.0,
                2649.1312247908563
            ],
            [
                0.0,
                3720.2105417506705,
                1947.7023513072875
            ],
            [
                0.0,
                0.0,
                1.0
            ]
        ],
        "cam_cent": [
            1.2772386126053876,
            -2.619143377353586,
            -1.5397428423077824
        ],
        "euler_angle": [
            -91.41791208854063,
            -20.78941399805092,
            21.298592387012725
        ],
        "take_date": "2024_09_19",
        "Width": 5280,
        "Height": 3956,
        "GPSLatitudeRef": "North",
        "GPSLongitudeRef": "East",
        "GPSAltitudeRef": "Above Sea Level",
        "GimbalRollDegree": "+0.00",
        "GimbalYawDegree": -110.3,
        "GimbalPitchDegree": -1.6,
        "GPSAltitude": "9 m Above Sea Level",
        "GPSLatitude": "21 deg 0' 46.28\" N",
        "GPSLongitude": "105 deg 42' 34.12\" E"
    },
    "DJI_20240919131331_0375_V.JPG": {
        "id": 375,
        "w2c": [
            [
                0.9775350351339053,
                0.2107638382903492,
                0.0018724917638028283,
                -0.12527153066567184
            ],
            [
                0.006687124555445412,
                -0.021766439281382353,
                -0.999741290831132,
                -1.6049771413801364
            ],
            [
                -0.21066674538284952,
                0.9772946986841705,
                -0.02267020121399468,
                2.8329994841306037
            ],
            [
                0.0,
                0.0,
                0.0,
                1.0
            ]
        ],
        "qvec": [
            0.8120842238007865,
            -0.368540488713817,
            0.40194724569150814,
            0.207690956263063
        ],
        "tvec": [
            -0.12527153066567184,
            -1.6049771413801364,
            2.8329994841306037
        ],
        "camera_id": 1,
        "nerf_name": "frame_00375.JPG",
        "intrinsic_mtx": [
            [
                3719.161069780525,
                0.0,
                2649.1312247908563
            ],
            [
                0.0,
                3720.2105417506705,
                1947.7023513072875
            ],
            [
                0.0,
                0.0,
                1.0
            ]
        ],
        "cam_cent": [
            0.7298869487025625,
            -2.777207024220056,
            -1.5400448120916097
        ],
        "euler_angle": [
            -91.32909765015195,
            -12.16369601135148,
            12.446968035555074
        ],
        "take_date": "2024_09_19",
        "Width": 5280,
        "Height": 3956,
        "GPSLatitudeRef": "North",
        "GPSLongitudeRef": "East",
        "GPSAltitudeRef": "Above Sea Level",
        "GimbalRollDegree": "+0.00",
        "GimbalYawDegree": -101.7,
        "GimbalPitchDegree": -1.6,
        "GPSAltitude": "9 m Above Sea Level",
        "GPSLatitude": "21 deg 0' 46.24\" N",
        "GPSLongitude": "105 deg 42' 34.14\" E"
    },
    "DJI_20240919131330_0374_V.JPG": {
        "id": 374,
        "w2c": [
            [
                0.9999881516073256,
                0.004711330353164274,
                0.0011209146261697259,
                -0.15067791450497214
            ],
            [
                0.0013048122988170523,
                -0.022301927837564343,
                -0.9997505759982638,
                -1.600898416678782
            ],
            [
                -0.004683403580439285,
                0.9997402306934965,
                -0.022307446799830922,
                2.814738374608549
            ],
            [
                0.0,
                0.0,
                0.0,
                1.0
            ]
        ],
        "qvec": [
            0.8499059811928605,
            -0.38700665605335843,
            0.3166516193669067,
            0.16618490682163145
        ],
        "tvec": [
            -0.15067791450497214,
            -1.600898416678782,
            2.814738374608549
        ],
        "camera_id": 1,
        "nerf_name": "frame_00374.JPG",
        "intrinsic_mtx": [
            [
                3719.161069780525,
