{
    "DJI_0549.JPG": {
        "id": 186,
        "w2c": [
            [
                -0.9348521813456482,
                -0.35495476116218955,
                -0.007649611857798632,
                0.6143129205832656
            ],
            [
                -0.07436554847713128,
                0.21683526582092216,
                -0.9733715799714237,
                -3.8485879702375594
            ],
            [
                0.34716158231143235,
                -0.9093896772147031,
                -0.22910532674374834,
                0.2219763087355928
            ],
            [
                0.0,
                0.0,
                0.0,
                1.0
            ]
        ],
        "qvec": [
            -0.20943196923571844,
            0.08223949807380632,
            0.8524330653835618,
            0.4719457429190367
        ],
        "tvec": [
            0.6143129205832656,
            -3.8485879702375594,
            0.2219763087355928
        ],
        "camera_id": 1,
        "nerf_name": "frame_00186.JPG",
        "intrinsic_mtx": [
            [
                4334.2400691237135,
                0.0,
                2745.272635185963
            ],
            [
                0.0,
                4335.411864773598,
                1794.0681863611785
            ],
            [
                0.0,
                0.0,
                1.0
            ]
        ],
        "cam_cent": [
            0.21102777199057707,
            1.2544258553165184,
            -3.6905509431052153
        ],
        "euler_angle": [
            104.14043722785452,
            20.313802758739378,
            25.892924308493974
        ],
        "Width": 5472,
        "Height": 3648,
        "GPSLatitudeRef": "North",
        "GPSLongitudeRef": "East",
        "GPSAltitudeRef": "Above Sea Level",
        "GimbalRollDegree": "+0.00",
        "GimbalYawDegree": -22.9,
        "GimbalPitchDegree": -12.4,
        "GPSAltitude": "44 m Above Sea Level",
        "GPSLatitude": "21 deg 3' 30.92\" N",
        "GPSLongitude": "105 deg 51' 54.79\" E"
    },
    "DJI_0548.JPG": {
        "id": 185,
        "w2c": [
            [
                -0.9350043729842291,
                -0.35456103696462854,
                -0.007300244306644902,
                0.5109635531661909
            ],
            [
                -0.07436224534309555,
                0.2161433213519618,
                -0.9735257167134704,
                -3.8622156650501833
            ],
            [
                0.3467521866807801,
                -0.9097079397815053,
                -0.22846090547528533,
                0.19531499083989354
            ],
            [
                0.0,
                0.0,
                0.0,
                1.0
            ]
        ],
        "qvec": [
            -0.2092528355079398,
            0.08208958146685848,
            0.8526515026359048,
            0.4716566192678916
        ],
        "tvec": [
            0.5109635531661909,
            -3.8622156650501833,
            0.19531499083989354
        ],
        "camera_id": 1,
        "nerf_name": "frame_00185.JPG",
        "intrinsic_mtx": [
            [
                4334.2400691237135,
                0.0,
                2745.272635185963
            ],
            [
                0.0,
                4335.411864773598,
                1794.0681863611785
            ],
            [
                0.0,
                0.0,
                1.0
            ]
        ],
        "cam_cent": [
            0.12282422762826989,
            1.1936394868086588,
            -3.7116142749898873
        ],
        "euler_angle": [
            104.09751554146325,
            20.28879250685423,
            25.842164653172073
        ],
        "Width": 5472,
        "Height": 3648,
        "GPSLatitudeRef": "North",
        "GPSLongitudeRef": "East",
        "GPSAltitudeRef": "Above Sea Level",
        "GimbalRollDegree": "+0.00",
        "GimbalYawDegree": -22.9,
        "GimbalPitchDegree": -12.4,
        "GPSAltitude": "44 m Above Sea Level",
        "GPSLatitude": "21 deg 3' 30.93\" N",
        "GPSLongitude": "105 deg 51' 54.80\" E"
    },
    "DJI_0547.JPG": {
        "id": 184,
        "w2c": [
            [
                -0.9350904457517875,
                -0.35433888006037645,
                -0.007058069231930238,
                0.4785381453140575
            ],
            [
                -0.07439538363804943,
                0.21572080348146888,
                -0.9736168968535096,
                -3.8674807930535935
            ],
            [
                0.34651289320467127,
                -0.9098947703019669,
                -0.22807963920538835,
                0.19009055330340727
            ],
            [
                0.0,
                0.0,
                0.0,
                1.0
            ]
        ],
        "qvec": [
            -0.20915699144658761,
            0.08198569908660241,
            0.8527818255360098,
            0.47148155436852884
        ],
        "tvec": [
            0.4785381453140575,
            -3.8674807930535935,
            0.19009055330340727
        ],
        "camera_id": 1,
        "nerf_name": "frame_00184.JPG",
        "intrinsic_mtx": [
            [
                4334.2400691237135,
                0.0,
                2745.272635185963
            ],
            [
                0.0,
                4335.411864773598,
                1794.0681863611785
            ],
            [
                0.0,
                0.0,
                1.0
            ]
        ],
        "cam_cent": [
            0.0938849027029052,
            1.1768231349379967,
            -3.718711308199848
        ],
        "euler_angle": [
            104.07214961422122,
            20.27417577803438,
            25.81240040506778
        ],
        "Width": 5472,
        "Height": 3648,
        "GPSLatitudeRef": "North",
        "GPSLongitudeRef": "East",
        "GPSAltitudeRef": "Above Sea Level",
        "GimbalRollDegree": "+0.00",
        "GimbalYawDegree": -22.9,
        "GimbalPitchDegree": -12.4,
        "GPSAltitude": "44 m Above Sea Level",
        "GPSLatitude": "21 deg 3' 30.93\" N",
        "GPSLongitude": "105 deg 51' 54.80\" E"
    },
    "DJI_0546.JPG": {
        "id": 183,
        "w2c": [
            [
                -0.9352006083878129,
                -0.35404619286581035,
                -0.0071495026605415835,
                0.39854568646778005
            ],
            [
                -0.07419199932911823,
                0.21563718078722166,
                -0.9736509402746388,
                -3.8633575359487273
            ],
            [
                0.3462591071822022,
                -0.9100285158056135,
                -0.2279314175668179,
                0.21951288746998562
            ],
            [
                0.0,
                0.0,
                0.0,
                1.0
            ]
        ],
        "qvec": [
            -0.20899192158560886,
            0.08200333268036385,
            0.8528412783648202,
            0.4714441473370186
        ],
        "tvec": [
            0.39854568646778005,
            -3.8633575359487273,
            0.21951288746998562
        ],
        "camera_id": 1,
        "nerf_name": "frame_00183.JPG",
        "intrinsic_mtx": [
            [
                4334.2400691237135,
                0.0,
                2745.272635185963
            ],
            [
                0.0,
                4335.411864773598,
                1794.0681863611785
            ],
            [
                0.0,
                0.0,
                1.0
            ]
        ],
        "cam_cent": [
            0.010081612309410112,
            1.1739500975865673,
            -3.70867841043262
        ],
        "euler_angle": [
            104.06138272290112,
            20.25867530803153,
            25.788093028286116
        ],
        "Width": 5472,
        "Height": 3648,
        "GPSLatitudeRef": "North",
        "GPSLongitudeRef": "East",
        "GPSAltitudeRef": "Above Sea Level",
        "GimbalRollDegree": "+0.00",
        "GimbalYawDegree": -22.9,
        "GimbalPitchDegree": -12.4,
        "GPSAltitude": "44 m Above Sea Level",
        "GPSLatitude": "21 deg 3' 30.93\" N",
        "GPSLongitude": "105 deg 51' 54.81\" E"
    },
    "DJI_0545.JPG": {
        "id": 182,
        "w2c": [
            [
                0.99314757271158,
                -0.11585926547592597,
                -0.015314353413569322,
                0.08646537763413939
            ],
            [
                -0.10824809001031314,
                -0.8625802261133583,
                -0.4942041122120969,
                -2.6600715029895725
            ],
            [
                0.04404826700581914,
                0.4924753639742874,
                -0.8692110020312546,
                1.2616454621254127
            ],
            [
                0.0,
                0.0,
                0.0,
                1.0
            ]
        ],
        "qvec": [
            0.9910001113694182,
            0.1327350286870547,
            -0.016776782669998724,
            -0.00432793120220799
        ],
        "tvec": [
            0.08646537763413939,
            -2.6600715029895725,
            1.2616454621254127
        ],
        "camera_id": 1,
        "nerf_name": "frame_00182.JPG",
        "intrinsic_mtx": [
            [
                4334.2400691237135,
                0.0,
                2745.272635185963
            ],
            [
                0.0,
                4335.411864773598,
                1794.0681863611785
            ],
            [
                0.0,
                0.0,
                1.0
            ]
        ],
        "cam_cent": [
            -0.4293938355928002,
            -2.9058365715513768,
            -0.21665799786231832
        ],
        "euler_angle": [
            -150.46508661521648,
            2.5245966349115374,
            -9.556569946152198
        ],
        "Width": 5472,
        "Height": 3648,
        "GPSLatitudeRef": "North",
        "GPSLongitudeRef": "East",
        "GPSAltitudeRef": "Above Sea Level",
        "GimbalRollDegree": "+0.00",
        "GimbalYawDegree": -173.3,
        "GimbalPitchDegree": -60.0,
        "GPSAltitude": "52 m Above Sea Level",
        "GPSLatitude": "21 deg 3' 31.25\" N",
        "GPSLongitude": "105 deg 51' 54.83\" E"
    },
    "DJI_0544.JPG": {
        "id": 181,
        "w2c": [
            [
                0.9794783944794396,
                -0.20096418360572915,
                -0.015345085716997501,
                -0.3807476573999883
            ],
            [
                -0.18217888231824092,
                -0.8502061323424492,
                -0.49392346306342844,
                -2.632965035266957
            ],
            [
                0.08621443954034459,
                0.4865829111620921,
                -0.869369967838646,
                1.3004009658030673
            ],
            [
                0.0,
                0.0,
                0.0,
                1.0
            ]
        ],
        "qvec": [
            0.9896262794481022,
            0.13157993627203077,
            -0.04282849897984456,
            -0.03862987278633411
        ],
        "tvec": [
            -0.3807476573999883,
            -2.632965035266957,
            1.3004009658030673
        ],
        "camera_id": 1,
        "nerf_name": "frame_00181.JPG",
        "intrinsic_mtx": [
            [
                4334.2400691237135,
                0.0,
                2745.272635185963
            ],
            [
                0.0,
                4335.411864773598,
                1794.0681863611785
            ],
            [
                0.0,
                0.0,
                1.0
            ]
        ],
        "cam_cent": [
            -0.21884986358042804,
            -2.9478325489748554,
            -0.1757962679657705
        ],
        "euler_angle": [
            -150.7644341774914,
            4.945863514350933,
            -18.804483637648364
        ],
        "Width": 5472,
        "Height": 3648,
        "GPSLatitudeRef": "North",
        "GPSLongitudeRef": "East",
        "GPSAltitudeRef": "Above Sea Level",
        "GimbalRollDegree": "+0.00",
        "GimbalYawDegree": -168.4,
        "GimbalPitchDegree": -60.0,
        "GPSAltitude": "52 m Above Sea Level",
        "GPSLatitude": "21 deg 3' 31.25\" N",
        "GPSLongitude": "105 deg 51' 54.82\" E"
    },
    "DJI_0543.JPG": {
        "id": 180,
        "w2c": [
            [
                0.950106549571048,
                -0.31149136043928793,
                -0.016452259233286873,
                -0.2584208662719236
            ],
            [
                -0.27849384363167407,
                -0.8233383002525277,
                -0.4945252495035368,
                -2.6550197832678157
            ],
            [
                0.1404945675869865,
                0.4744335313918699,
                -0.8690075378094172,
                1.3293265597706743
            ],
            [
                0.0,
                0.0,
                0.0,
                1.0
            ]
        ],
        "qvec": [
            0.9850511772735878,
            0.12905041342236467,
            -0.0768789862896038,
            -0.08431957314003603
        ],
        "tvec": [
            -0.2584208662719236,
            -2.6550197832678157,
            1.3293265597706743
        ],
        "camera_id": 1,
        "nerf_name": "frame_00180.JPG",
        "intrinsic_mtx": [
            [
                4334.2400691237135,
                0.0,
                2745.272635185963
            ],
            [
                0.0,
                4335.411864773598,
                1794.0681863611785
            ],
            [
                0.0,
                0.0,
                1.0
            ]
        ],
        "cam_cent": [
            -0.6806424669664869,
            -2.8971524368185047,
            -0.16203112718956275
        ],
        "euler_angle": [
            -151.36772425472034,
            8.076465743605159,
            -30.927045068091438
        ],
        "Width": 5472,
        "Height": 3648,
        "GPSLatitudeRef": "North",
        "GPSLongitudeRef": "East",
        "GPSAltitudeRef": "Above Sea Level",
        "GimbalRollDegree": "+0.00",
        "GimbalYawDegree": -161.8,
        "GimbalPitchDegree": -60.0,
        "GPSAltitude": "52 m Above Sea Level",
        "GPSLatitude": "21 deg 3' 31.24\" N",
        "GPSLongitude": "105 deg 51' 54.85\" E"
    },
    "DJI_0542.JPG": {
        "id": 179,
        "w2c": [
            [
                0.8471746839558497,
                -0.5310585011939627,
                -0.01649009320555856,
                -0.21990644773333537
            ],
            [
                -0.46863217500280796,
                -0.7322440538165919,
                -0.49416852409110573,
                -2.733412347635845
            ],
            [
                0.25035762304440357,
                0.42637485146273135,
                -0.8692097253388796,
                1.3708230436206001
            ],
            [
                0.0,
                0.0,
                0.0,
                1.0
            ]
        ],
        "qvec": [
            0.9645187410573681,
            0.1232812225827716,
            -0.14909972878752745,
            -0.17965135452618203
        ],
        "tvec": [
            -0.21990644773333537,
            -2.733412347635845,
            1.3708230436206001
        ],
        "camera_id": 1,
        "nerf_name": "frame_00179.JPG",
        "intrinsic_mtx": [
            [
                4334.2400691237135,
                0.0,
                2745.272635185963
            ],
            [
                0.0,
                4335.411864773598,
                1794.0681863611785
            ],
            [
                0.0,
                0.0,
                1.0
            ]
        ],
        "cam_cent": [
            -1.4378617971091234,
            -2.702792598326774,
            -0.1628599021495677
        ],
        "euler_angle": [
            -153.8705891238537,
            14.49867547724147,
            -57.45935378897338
        ],
        "Width": 5472,
        "Height": 3648,
        "GPSLatitudeRef": "North",
        "GPSLongitudeRef": "East",
        "GPSAltitudeRef": "Above Sea Level",
        "GimbalRollDegree": "+0.00",
        "GimbalYawDegree": -147.9,
        "GimbalPitchDegree": -60.0,
        "GPSAltitude": "52 m Above Sea Level",
        "GPSLatitude": "21 deg 3' 31.23\" N",
        "GPSLongitude": "105 deg 51' 54.91\" E"
    },
    "DJI_0541.JPG": {
        "id": 178,
        "w2c": [
            [
                0.6975872816533935,
                -0.7163295496276448,
                -0.01561924472196796,
                -0.1641141798098259
            ],
            [
                -0.6282421850129427,
                -0.6010324238788377,
                -0.4940362156932349,
                -2.807782442442935
            ],
            [
                0.34450506737287984,
                0.35444604917615463,
                -0.8693010162065975,
                1.455494239353009
            ],
            [
                0.0,
                0.0,
                0.0,
                1.0
            ]
        ],
        "qvec": [
            0.9304969477284556,
            0.11587326772739995,
            -0.21821299811298975,
            -0.2704291100246841
        ],
        "tvec": [
            -0.1641141798098259,
            -2.807782442442935,
            1.455494239353009
        ],
        "camera_id": 1,
        "nerf_name": "frame_00178.JPG",
        "intrinsic_mtx": [
            [
                4334.2400691237135,
                0.0,
                2745.272635185963
            ],
            [
                0.0,
                4335.411864773598,
                1794.0681863611785
            ],
            [
                0.0,
                0.0,
                1.0
            ]
        ],
        "cam_cent": [
            -2.1509085530961607,
            -2.321022306353929,
            -0.12444693053879212
        ],
        "euler_angle": [
            -157.81746788013888,
            20.151586174648486,
            -84.38029370096278
        ],
        "Width": 5472,
        "Height": 3648,
        "GPSLatitudeRef": "North",
        "GPSLongitudeRef": "East",
        "GPSAltitudeRef": "Above Sea Level",
        "GimbalRollDegree": "+0.00",
        "GimbalYawDegree": -134.3,
        "GimbalPitchDegree": -60.0,
        "GPSAltitude": "52 m Above Sea Level",
        "GPSLatitude": "21 deg 3' 31.21\" N",
        "GPSLongitude": "105 deg 51' 54.97\" E"
    },
    "DJI_0540.JPG": {
        "id": 177,
        "w2c": [
            [
                0.5144139322988824,
                -0.8574113367486925,
                -0.014970166051890747,
                -0.16581837749032352
            ],
            [
                -0.7491993982010001,
                -0.4408604011143769,
                -0.4943099922766381,
                -2.905393981666663
            ],
            [
                0.41722723783576265,
                0.2654955862987014,
                -0.8691567900349448,
                1.6001974085526758
            ],
            [
                0.0,
                0.0,
                0.0,
                1.0
            ]
        ],
        "qvec": [
            0.8848162344515081,
            0.10693939631117722,
            -0.28232034234179576,
            -0.3549076232876184
        ],
        "tvec": [
            -0.16581837749032352,
            -2.905393981666663,
            1.6001974085526758
        ],
        "camera_id": 1,
        "nerf_name": "frame_00177.JPG",
        "intrinsic_mtx": [
            [
                4334.2400691237135,
                0.0,
                2745.272635185963
            ],
            [
                0.0,
                4335.411864773598,
                1794.0681863611785
            ],
            [
                0.0,
                0.0,
                1.0
            ]
        ],
        "cam_cent": [
            -2.759066083751632,
            -1.847893062031694,
            -0.04782516224384393
        ],
        "euler_angle": [
            -163.01400619379123,
            24.659654773993147,
            -111.32117301399806
        ],
        "Width": 5472,
        "Height": 3648,
        "GPSLatitudeRef": "North",
        "GPSLongitudeRef": "East",
        "GPSAltitudeRef": "Above Sea Level",
        "GimbalRollDegree": "+0.00",
        "GimbalYawDegree": -121.1,
        "GimbalPitchDegree": -60.0,
        "GPSAltitude": "52 m Above Sea Level",
        "GPSLatitude": "21 deg 3' 31.17\" N",
        "GPSLongitude": "105 deg 51' 55.02\" E"
    },
    "DJI_0539.JPG": {
        "id": 176,
        "w2c": [
            [
                0.30215379873130743,
                -0.9531451642387305,
                -0.014743737672799405,
                -0.19043156818599377
            ],
            [
                -0.8309360566763143,
                -0.2557697709777702,
                -0.49409219177112723,
                -2.9453950588186113
            ],
            [
                0.46717058086683716,
                0.16154293590962987,
                -0.8692844921141982,
                1.7465024022768951
            ],
            [
                0.0,
                0.0,
                0.0,
                1.0
            ]
        ],
        "qvec": [
            0.8267954408440268,
            0.0966916762438351,
            -0.342789147602733,
            -0.4353798560228538
        ],
        "tvec": [
            -0.19043156818599377,
            -2.9453950588186113,
            1.7465024022768951
        ],
        "camera_id": 1,
        "nerf_name": "frame_00176.JPG",
        "intrinsic_mtx": [
            [
                4334.2400691237135,
                0.0,
                2745.272635185963
            ],
            [
                0.0,
                4335.411864773598,
                1794.0681863611785
            ],
            [
                0.0,
                0.0,
                1.0
            ]
        ],
        "cam_cent": [
            -3.2058098755599014,
            -1.2169870736050008,
            0.060103080410007455
        ],
        "euler_angle": [
            -169.47256489822536,
            27.850789005598603,
            -139.23310587288145
        ],
        "Width": 5472,
        "Height": 3648,
        "GPSLatitudeRef": "North",
        "GPSLongitudeRef": "East",
        "GPSAltitudeRef": "Above Sea Level",
        "GimbalRollDegree": "+0.00",
        "GimbalYawDegree": -107.9,
        "GimbalPitchDegree": -60.0,
        "GPSAltitude": "52 m Above Sea Level",
        "GPSLatitude": "21 deg 3' 31.13\" N",
        "GPSLongitude": "105 deg 51' 55.06\" E"
    },
    "DJI_0538.JPG": {
        "id": 175,
        "w2c": [
            [
                0.05971028931550349,
                -0.998111188572085,
                -0.014447719442159819,
                -0.2173860911247487
            ],
            [
                -0.8687637635245202,
                -0.04483330083443988,
                -0.49319316532470364,
                -3.011947631392308
            ],
            [
                0.4916138774857469,
                0.04200036170688424,
                -0.8697998419636098,
                1.8437948351936164
            ],
            [
                0.0,
                0.0,
                0.0,
                1.0
            ]
        ],
        "qvec": [
            0.7530544946635598,
            0.0847193016805999,
            -0.4015236285955251,
            -0.5143056908777554
        ],
        "tvec": [
            -0.2173860911247487,
            -3.011947631392308,
            1.8437948351936164
        ],
        "camera_id": 1,
        "nerf_name": "frame_00175.JPG",
        "intrinsic_mtx": [
            [
                4334.2400691237135,
                0.0,
                2745.272635185963
            ],
            [
                0.0,
                4335.411864773598,
                1794.0681863611785
            ],
            [
                0.0,
                0.0,
                1.0
            ]
        ],
        "cam_cent": [
            -3.5101259016106465,
            -0.42945109403876897,
            0.11511973689091222
        ],
        "euler_angle": [
            -177.2354838266608,
            29.446712359768725,
            -169.5071481412012
        ],
        "Width": 5472,
        "Height": 3648,
        "GPSLatitudeRef": "North",
        "GPSLongitudeRef": "East",
        "GPSAltitudeRef": "Above Sea Level",
        "GimbalRollDegree": "+0.00",
        "GimbalYawDegree": -93.9,
        "GimbalPitchDegree": -60.0,
        "GPSAltitude": "52 m Above Sea Level",
        "GPSLatitude": "21 deg 3' 31.07\" N",
        "GPSLongitude": "105 deg 51' 55.09\" E"
    },
    "DJI_0537.JPG": {
        "id": 174,
        "w2c": [
            [
                -0.180301865081588,
                -0.9835066630438912,
                -0.014348560776929606,
                -0.25601811811611824
            ],
            [
                -0.8543911063614575,
                0.16382604913478843,
                -0.49312966144344794,
                -3.1019300516407933
            ],
            [
                0.4873469757970638,
                -0.07665291496840985,
                -0.8698374881598869,
                1.87261411382083
            ],
            [
                0.0,
                0.0,
                0.0,
                1.0
            ]
        ],
        "qvec": [
            0.6701303800912515,
            0.07136325778077787,
            -0.4530274298696219,
            -0.5836083506114295
        ],
        "tvec": [
            -0.25601811811611824,
            -3.1019300516407933,
            1.87261411382083
        ],
        "camera_id": 1,
        "nerf_name": "frame_00174.JPG",
        "intrinsic_mtx": [
            [
                4334.2400691237135,
                0.0,
                2745.272635185963
            ],
            [
                0.0,
                4335.411864773598,
                1794.0681863611785
            ],
            [
                0.0,
                0.0,
                1.0
            ]
        ],
        "cam_cent": [
            -3.6090348180737304,
            0.3999227504609743,
            0.09554274934399834
        ],
        "euler_angle": [
            174.96391849626556,
            29.166354644060494,
            160.81178994262655
        ],
        "Width": 5472,
        "Height": 3648,
        "GPSLatitudeRef": "North",
        "GPSLongitudeRef": "East",
        "GPSAltitudeRef": "Above Sea Level",
        "GimbalRollDegree": "+0.00",
        "GimbalYawDegree": -80.2,
        "GimbalPitchDegree": -60.0,
        "GPSAltitude": "52 m Above Sea Level",
        "GPSLatitude": "21 deg 3' 31.01\" N",
        "GPSLongitude": "105 deg 51' 55.10\" E"
    },
    "DJI_0536.JPG": {
        "id": 173,
        "w2c": [
            [
                -0.4105114726278232,
                -0.9117530991962255,
                -0.013660781347138414,
                -0.31877227254567236
            ],
            [
                -0.7907434838300332,
                0.36340828913695894,
                -0.4926044642173788,
                -3.138730629918716
            ],
            [
                0.45409808810572894,
                -0.19141761019463932,
                -0.8701460939900237,
                1.873315039717273
            ],
            [
                0.0,
                0.0,
                0.0,
                1.0
            ]
        ],
        "qvec": [
            0.5771591113303672,
            0.05732296775727426,
            -0.4980297362483563,
            -0.6446454990056412
        ],
        "tvec": [
            -0.31877227254567236,
            -3.138730629918716,
            1.873315039717273
        ],
        "camera_id": 1,
        "nerf_name": "frame_00173.JPG",
        "intrinsic_mtx": [
            [
                4334.2400691237135,
                0.0,
                2745.272635185963
            ],
            [
                0.0,
                4335.411864773598,
                1794.0681863611785
            ],
            [
                0.0,
                0.0,
                1.0
            ]
        ],
        "cam_cent": [
            -3.463459246096922,
            1.208584608893545,
            0.07955036603418918
        ],
        "euler_angle": [
            167.5934940821775,
            27.006918635045604,
            131.29553496599434
        ],
        "Width": 5472,
        "Height": 3648,
        "GPSLatitudeRef": "North",
        "GPSLongitudeRef": "East",
        "GPSAltitudeRef": "Above Sea Level",
        "GimbalRollDegree": "+0.00",
        "GimbalYawDegree": -66.4,
        "GimbalPitchDegree": -60.0,
        "GPSAltitude": "52 m Above Sea Level",
        "GPSLatitude": "21 deg 3' 30.95\" N",
        "GPSLongitude": "105 deg 51' 55.10\" E"
    },
    "DJI_0535.JPG": {
        "id": 172,
        "w2c": [
            [
                -0.6243099714374486,
                -0.7810501223506353,
                -0.01406292785409459,
                -0.33903614040627905
            ],
            [
                -0.6754998301000263,
                0.548808065599333,
                -0.4924527253127488,
                -3.158134828688992
            ],
            [
                0.3923481095896947,
                -0.29794364149814584,
                -0.8702255727064203,
                1.9476966458284117
            ],
            [
                0.0,
                0.0,
                0.0,
                1.0
            ]
        ],
        "qvec": [
            -0.47170037589439745,
            -0.041237499480192716,
            0.5369453312579099,
            0.6982033623938219
        ],
        "tvec": [
            -0.33903614040627905,
            -3.158134828688992,
            1.9476966458284117
        ],
        "camera_id": 1,
        "nerf_name": "frame_00172.JPG",
        "intrinsic_mtx": [
            [
                4334.2400691237135,
                0.0,
                2745.272635185963
            ],
            [
                0.0,
                4335.411864773598,
                1794.0681863611785
            ],
            [
                0.0,
                0.0,
                1.0
            ]
        ],
        "cam_cent": [
            -3.1091582803906657,
            2.0487094784809172,
            0.13493548499893468
        ],
        "euler_angle": [
            161.10006875516842,
            23.100684756028098,
            101.67850966570158
        ],
        "Width": 5472,
        "Height": 3648,
        "GPSLatitudeRef": "North",
        "GPSLongitudeRef": "East",
        "GPSAltitudeRef": "Above Sea Level",
        "GimbalRollDegree": "+0.00",
        "GimbalYawDegree": -52.1,
        "GimbalPitchDegree": -60.0,
        "GPSAltitude": "52 m Above Sea Level",
        "GPSLatitude": "21 deg 3' 30.88\" N",
        "GPSLongitude": "105 deg 51' 55.07\" E"
    },
    "DJI_0534.JPG": {
        "id": 171,
        "w2c": [
            [
                -0.7973876680997697,
                -0.6032990997944635,
                -0.014251419213538796,
                -0.4527263477690533
            ],
            [
                -0.5193635369468748,
                0.698092032964792,
                -0.49287831155480494,
                -3.173556934751694
            ],
            [
                0.3073018438806416,
                -0.38561342001838117,
                -0.8699815325909425,
                1.996420374377333
            ],
            [
                0.0,
                0.0,
                0.0,
                1.0
            ]
        ],
        "qvec": [
            -0.3599642737194627,
            -0.02460769622081419,
            0.5674385543050356,
            0.7401578683095482
        ],
        "tvec": [
            -0.4527263477690533,
            -3.173556934751694,
            1.996420374377333
        ],
        "camera_id": 1,
        "nerf_name": "frame_00171.JPG",
        "intrinsic_mtx": [
            [
                4334.2400691237135,
                0.0,
                2745.272635185963
            ],
            [
                0.0,
                4335.411864773598,
                1794.0681863611785
            ],
            [
                0.0,
                0.0,
                1.0
            ]
        ],
        "cam_cent": [
            -2.6227318232768524,
            2.7121519026060423,
            0.16621948040204812
        ],
        "euler_angle": [
            156.09500890860545,
            17.89670207683843,
            73.28561749330196
        ],
        "Width": 5472,
        "Height": 3648,
        "GPSLatitudeRef": "North",
        "GPSLongitudeRef": "East",
        "GPSAltitudeRef": "Above Sea Level",
        "GimbalRollDegree": "+0.00",
        "GimbalYawDegree": -38.0,
        "GimbalPitchDegree": -60.0,
        "GPSAltitude": "52 m Above Sea Level",
        "GPSLatitude": "21 deg 3' 30.83\" N",
        "GPSLongitude": "105 deg 51' 55.04\" E"
    },
    "DJI_0533.JPG": {
        "id": 170,
        "w2c": [
            [
                -0.9196201292206768,
                -0.3925619176988878,
                -0.013926905783946952,
                -0.6184095977805247
            ],
            [
                -0.33521134933519775,
                0.8027656205267397,
                -0.49315383986864947,
                -3.1206130988405567
            ],
            [
                0.20477345826307478,
                -0.4488457410657788,
                -0.8698306338121761,
                1.9936194262944782
            ],
            [
                0.0,
                0.0,
                0.0,
                1.0
            ]
        ],
        "qvec": [
            -0.24479041625301007,
            -0.00821966172407162,
            0.5888736886489715,
            0.7702193636158295
        ],
        "tvec": [
            -0.6184095977805247,
            -3.1206130988405567,
            1.9936194262944782
        ],
        "camera_id": 1,
        "nerf_name": "frame_00170.JPG",
        "intrinsic_mtx": [
            [
                4334.2400691237135,
                0.0,
                2745.272635185963
            ],
            [
                0.0,
                4335.411864773598,
                1794.0681863611785
            ],
            [
                0.0,
                0.0,
                1.0
            ]
        ],
        "cam_cent": [
            -2.023007186220441,
            3.157184441884775,
            0.18655638451219056
        ],
        "euler_angle": [
            152.70558273525523,
            11.816237835764133,
            46.16850020982016
        ],
        "Width": 5472,
        "Height": 3648,
        "GPSLatitudeRef": "North",
        "GPSLongitudeRef": "East",
        "GPSAltitudeRef": "Above Sea Level",
        "GimbalRollDegree": "+0.00",
        "GimbalYawDegree": -24.0,
        "GimbalPitchDegree": -60.0,
        "GPSAltitude": "52 m Above Sea Level",
        "GPSLatitude": "21 deg 3' 30.79\" N",
        "GPSLongitude": "105 deg 51' 54.99\" E"
    },
    "DJI_0532.JPG": {
        "id": 169,
        "w2c": [
            [
                -0.9860958729402481,
                -0.16558703104960668,
                -0.013995160534550634,
                -0.7182647420870535
            ],
            [
                -0.1372466849869629,
                0.8590108202315805,
                -0.4932177593975686,
                -3.1106875985274174
            ],
            [
                0.09369245876963964,
                -0.4844392076135512,
                -0.8697932957297698,
                2.0070011092548725
            ],
            [
                0.0,
                0.0,
                0.0,
                1.0
            ]
        ],
        "qvec": [
            -0.12951152390595624,
            0.007936054350001302,
            0.6011573352485523,
            0.7885262471812658
        ],
        "tvec": [
            -0.7182647420870535,
            -3.1106875985274174,
            2.0070011092548725
        ],
        "camera_id": 1,
        "nerf_name": "frame_00169.JPG",
        "intrinsic_mtx": [
            [
                4334.2400691237135,
                0.0,
                2745.272635185963
            ],
            [
                0.0,
                4335.411864773598,
                1794.0681863611785
            ],
            [
                0.0,
                0.0,
                1.0
            ]
        ],
        "cam_cent": [
            -1.3232503274579612,
            3.525449006392379,
            0.20137751144878682
        ],
        "euler_angle": [
            150.88398586039156,
            5.376067546068687,
            20.4950618306244
        ],
        "Width": 5472,
        "Height": 3648,
        "GPSLatitudeRef": "North",
        "GPSLongitudeRef": "East",
        "GPSAltitudeRef": "Above Sea Level",
        "GimbalRollDegree": "+0.00",
        "GimbalYawDegree": -10.5,
        "GimbalPitchDegree": -60.0,
        "GPSAltitude": "52 m Above Sea Level",
        "GPSLatitude": "21 deg 3' 30.76\" N",
        "GPSLongitude": "105 deg 51' 54.94\" E"
    },
    "DJI_0531.JPG": {
        "id": 168,
        "w2c": [
            [
                -0.998146035874985,
                0.05949053606816022,
                -0.012859517307178967,
                -0.7797028448585245
            ],
            [
                0.05807762109081865,
                0.8677399516485536,
                -0.49361357987943977,
                -3.0723981522072363
            ],
            [
                -0.018206619551196273,
                -0.49344528818429967,
                -0.869586261720613,
                1.9986661940577117
            ],
            [
                0.0,
                0.0,
                0.0,
                1.0
            ]
        ],
        "qvec": [
            -0.01787121089868867,
            0.022630732192460885,
            0.6051850276847872,
            0.7955624124150226
        ],
        "tvec": [
            -0.7797028448585245,
            -3.0723981522072363,
            1.9986661940577117
        ],
        "camera_id": 1,
        "nerf_name": "frame_00168.JPG",
        "intrinsic_mtx": [
            [
                4334.2400691237135,
                0.0,
                2745.272635185963
            ],
            [
                0.0,
                4335.411864773598,
                1794.0681863611785
            ],
            [
                0.0,
                0.0,
                1.0
            ]
        ],
        "cam_cent": [
            -0.5634307730269166,
            3.698659980366949,
            0.21140861116410822
        ],
        "euler_angle": [
            150.42732804037857,
            -1.0432200995040308,
            -3.9507888066131676
        ],
        "Width": 5472,
        "Height": 3648,
        "GPSLatitudeRef": "North",
        "GPSLongitudeRef": "East",
        "GPSAltitudeRef": "Above Sea Level",
        "GimbalRollDegree": "+0.00",
        "GimbalYawDegree": "+2.30",
        "GimbalPitchDegree": -60.0,
        "GPSAltitude": "52 m Above Sea Level",
        "GPSLatitude": "21 deg 3' 30.74\" N",
        "GPSLongitude": "105 deg 51' 54.88\" E"
    },
